RA_ITEMID	ADVNUM	PARCEL	FACEVALUE	BID
6435973	000001	1324N4W0000003220300	422.63	
6435974	000002	1324N4W0000004200000	41.14	
6435975	000003	1334N4W0000004210500	400.94	
6435976	000004	1344N4W0000004330000	307.22	
6435977	000005	1344N4W0000004330400	189.09	
6435978	000006	1344N4W0000004430000	1168.66	
6435982	000010	1354N4W0000003410500	494.74	
6435983	000011	1354N4W0000003410600	302.71	
6435985	000013	1354N4W0000003410900	1132.36	
6435986	000014	1354N4W0000003420100	313.62	
6435987	000015	1354N4W0000003430000	217.87	
6435988	000016	1314N5W0000001430300	530.79	
6435989	000017	1314N5W0000004120300	706.75	
6435990	000018	1324N5W0000004311500	696.45	
6435991	000019	1334N5W0000002130000	1184.95	
6435992	000020	1334N5W0000003220100	404.84	
6435993	000021	1334N5W0000003220400	373.49	
6435994	000022	1334N5W0000004310100	507.64	
6435995	000023	1334N5W0000004330200	303.52	
6435996	000024	1344N5W0000001330100	833.82	
6435997	000025	1344N5W0000002330200	92.13	
6435998	000026	1334N6W0000001230100	902.17	
6435999	000027	1334N6W0000001310400	117.93	
6436000	000028	1334N6W0000001310900	313.24	
6436001	000029	1334N6W0000001340100	268.39	
6436002	000030	1334N6W0000001341000	493.93	
6436003	000031	1334N6W0000001341100	2738.7	
6436005	000033	1334N6W0000001341300	1712.81	
6436006	000034	1334N6W0000002121400	589.55	
6436007	000035	1334N6W0000002130400	505.8	
6436009	000037	1334N6W0000002131100	487.45	
6436012	000040	1334N6W0000002131500	740.95	
6436013	000041	1334N6W0000002131900	89.86	
6436014	000042	1334N6W0000002132000	293.69	
6436015	000043	1334N6W0000002132200	4379.39	
6436016	000044	1334N6W0000002132500	133.9	
6436017	000045	1334N6W0000002132700	75.27	
6436018	000046	1334N6W0000002133000	456.67	
6436019	000047	1334N6W0000002240100	424.62	
6436020	000048	1334N6W0000002240200	688.22	
6436023	000051	1334N6W0000002310700	410.68	
6436024	000052	1334N6W0000002420400	631.98	
6436025	000053	1334N6W0000003130400	936.04	
6436026	000054	1334N6W0000003410200	123.49	
6436027	000055	1334N6W0000003410400	55.46	
6436028	000056	1334N6W0000003410500	55.46	
6436029	000057	1334N6W0000003410600	55.46	
6436030	000058	1334N6W0000003410700	2171.82	
6436031	000059	1334N6W0000003410900	67.95	
6436032	000060	1334N6W0000004330100	944.72	
6436033	000061	1334N6W0020000000020	630.02	
6436034	000062	1334N6W0020000000100	1057.34	
6436035	000063	1334N6W0020000000160	1541.18	
6436036	000064	1334N6W0020000000190	1078.25	
6436037	000065	1334N6W0020000000750	573.22	
6436039	000067	1334N6W0020000000830	859.08	
6436040	000068	1334N6W0020000001170	943.92	
6436042	000070	1334N6W0040000010010	2282.22	
6436045	000073	1334N6W0050000000060	52.3	
6436047	000075	1334N6W0050000000072	601.66	
6436049	000077	1334N6W0050000000510	934.97	
6436050	000078	1334N6W0050000000520	149.18	
6436052	000080	1334N6W0050000000550	136.68	
6436053	000081	1334N6W0050000000621	600.38	
6436054	000082	1334N6W0050000000670	494.02	
6436055	000083	1334N6W0050000000680	124.19	
6436056	000084	1334N6W0050000000690	124.19	
6436057	000085	1334N6W0050000000700	124.19	
6436059	000087	1334N6W0060000000020	2265.14	
6436060	000088	1334N6W0060000000060	7412.2	
6436063	000091	1334N6W0080000020010	1277.9	
6436064	000092	1334N6W0080000020040	200.68	
6436065	000093	1334N6W0080000050060	240.57	
6436066	000094	1334N6W0080000050080	200.68	
6436067	000095	1334N6W0080000060050	1266.14	
6436068	000096	1334N6W00900000A0110	195.06	
6436069	000097	1334N6W00900000A0120	149.18	
6436070	000098	1334N6W00900000B0010	149.18	
6436072	000100	1334N6W0110000010020	693.91	
6436073	000101	1334N6W0110000010140	369.48	
6436074	000102	1334N6W0110000010160	515.04	
6436076	000104	1334N6W0110000010230	157.09	
6436077	000105	1334N6W0110000010240	856.57	
6436078	000106	1334N6W0110000020030	1121.3	
6436083	000111	1334N6W01200000C0020	200.68	
6436084	000112	1334N6W0130000000060	1749.2	
6436088	000116	1334N6W0130000000260	1213.93	
6436089	000117	1334N6W01500000B0070	983.24	
6436090	000118	1364N6W0000001410500	1027.43	
6436091	000119	1364N6W0000001420100	810.66	
6436092	000120	1364N6W0000002340200	1788.81	
6436093	000121	1364N6W0000003331600	97.55	
6436099	000127	2063N1W15050000B0100	1487.51	
6436100	000128	2063N1W15070000A0160	406.26	
6436101	000129	2063N1W15070000A0180	440.02	
6436102	000130	2063N1W15070000A0280	1345.18	
6436104	000132	2063N1W15070000B0220	572.56	
6436105	000133	2063N1W15070000B0240	348.7	
6436106	000134	2063N1W15070000B0250	426.93	
6436108	000136	2063N1W15070000B0400	394.82	
6436111	000139	2073N1W0000003100000	4184.95	
6436113	000141	2073N1W0000004123500	359.96	
6436114	000142	2073N1W3106100000010	214.1	
6436115	000143	2083N1W0000002300200	5452.34	
6436117	000145	2103N1W0000004320100	1027.96	
6436118	000146	2103N1W0000004440100	1504.8	
6436120	000148	2153N1W0000002310100	1957.4	
6436123	000151	2153N1W0000002310700	179.14	
6436124	000152	2173N1W0000003140200	797.07	
6436125	000153	2173N1W0000003210800	97.63	
6436126	000154	2173N1W0000003310200	3030.51	
6436127	000155	2173N1W0000004240100	1120.27	
6436128	000156	2173N1W0000004240400	970.68	
6436130	000158	2183N1W0000004120100	157.34	
6436131	000159	2183N1W0000004120200	91.68	
6436133	000161	2183N1W0000004140400	4973.78	
6436134	000162	2193N1W0000001440500	1123.15	
6436135	000163	2193N1W0000004240300	602.28	
6436136	000164	2193N1W0000004310110	871.13	
6436140	000168	2203N1W0000003310700	554.21	
6436141	000169	2203N1W0000003310800	1309.25	
6436142	000170	2293N1W0000003100200	903.76	
6436143	000171	2293N1W0000003100300	1012.28	
6436144	000172	2293N1W0000003113200	956.53	
6436146	000174	2293N1W0000003420100	803.16	
6436148	000176	2293N1W0000003441900	300.54	
6436149	000177	2293N1W0000003442200	339.53	
6436150	000178	2303N1W0000001430100	909.3	
6436151	000179	2303N1W0000002110020	41.97	
6436152	000180	2303N1W0000002110100	399.57	
6436153	000181	2303N1W0000002230000	165.3	
6436154	000182	2303N1W0000002230100	165.3	
6436155	000183	2303N1W0000004411000	104.19	
6436156	000184	2303N1W0000004430500	280.14	
6436157	000185	2313N1W0000001140300	201.02	
6436158	000186	2313N1W0000003302000	230.58	
6436159	000187	2013N2W0000003240100	128.25	
6436160	000188	2013N2W0000004210100	799.73	
6436161	000189	2013N2W01780000A0070	519.95	
6436163	000191	2023N2W0000003430500	692.01	
6436165	000193	2063N2W0000002300100	1425.82	
6436166	000194	2063N2W0000003200300	862.08	
6436167	000195	2073N2W0000003330200	219.04	
6436168	000196	2073N2W0000004130300	286.98	
6436169	000197	2083N2W0000001220200	119.9	
6436170	000198	2083N2W0000001220300	208.42	
6436171	000199	2083N2W0000001221200	153.87	
6436173	000201	2083N2W0000001320800	2099.44	
6436174	000202	2083N2W0000001321000	321.6	
6436175	000203	2083N2W0000001330100	81.04	
6436178	000206	2083N2W01530000A0042	432.3	
6436179	000207	2083N2W01530000A0110	905.23	
6436180	000208	2083N2W01530000A0140	130.8	
6436182	000210	2083N2W01530000B0010	601.54	
6436183	000211	2083N2W01530000B0060	132.86	
6436184	000212	2093N2W0000001210200	181.76	
6436185	000213	2093N2W0000001430300	66.82	
6436186	000214	2093N2W0000001430700	254.88	
6436187	000215	2093N2W0000004210500	521.16	
6436189	000217	2093N2W0000004330100	999.72	
6436191	000219	2103N2W0000002122000	647.15	
6436193	000221	2113N2W0000002130100	303.38	
6436194	000222	2113N2W0000002130400	196.4	
6436197	000225	2113N2W0000003300100	3444.48	
6436198	000226	2113N2W0000004210000	986.45	
6436200	000228	2113N2W0000004315100	615.33	
6436201	000229	2113N2W0000004315200	477.03	
6436202	000230	2113N2W0000004316000	299.49	
6436203	000231	2113N2W0000004317000	278.17	
6436204	000232	2113N2W7040000000030	201.5	
6436205	000233	2113N2W7040000000050	201.5	
6436206	000234	2123N2W0000003100100	1512.9	
6436207	000235	2123N2W0000003100300	1193.72	
6436208	000236	2123N2W0000003300300	2039.42	
6436209	000237	2123N2W0000003300800	1241.75	
6436210	000238	2123N2W0000003301000	1599.48	
6436211	000239	2133N2W0000001140400	275.45	
6436215	000243	2133N2W0000001430300	900.44	
6436216	000244	2133N2W0000001440500	1123.82	
6436217	000245	2133N2W0000001440600	236.52	
6436218	000246	2133N2W0000001440900	265.91	
6436219	000247	2133N2W0000003210400	280.05	
6436220	000248	2133N2W0000003310200	3163.65	
6436221	000249	2133N2W0000004110300	167.36	
6436222	000250	2133N2W0000004130100	701.84	
6436223	000251	2133N2W0000004140200	344.58	
6436224	000252	2133N2W0000004240100	522.29	
6436226	000254	2143N2W0000001340100	587.29	
6436228	000256	2143N2W0000001440500	501.04	
6436229	000257	2143N2W0000002310600	3155.53	
6436230	000258	2143N2W0000003110500	374.3	
6436231	000259	2143N2W0000004130200	242	
6436232	000260	2143N2W0000004130600	156.59	
6436233	000261	2143N2W0000004240200	223.32	
6436234	000262	2143N2W0000004340300	1045.36	
6436235	000263	2143N2W0000004340400	131.51	
6436237	000265	2143N2W0000004420200	167.17	
6436240	000268	2143N2W01550000B0100	1024.72	
6436241	000269	2143N2W01550000B0140	380.35	
6436242	000270	2153N2W0000002111000	950.84	
6436243	000271	2153N2W0000002122000	686.98	
6436244	000272	2153N2W0000002123000	977.34	
6436245	000273	2203N2W0000001200000	4320.8	
6436246	000274	2213N2W0000001330000	178.42	
6436249	000277	2223N2W0000001410000	446.75	
6436250	000278	2223N2W0000001420200	3390.03	
6436251	000279	2223N2W0000001440100	893.96	
6436252	000280	2223N2W0000002130500	56.64	
6436253	000281	2223N2W0000004240100	747.67	
6436254	000282	2223N2W0000004340000	804.13	
6436255	000283	2223N2W0160000010100	194.58	
6436256	000284	2223N2W0160000040080	570.45	
6436257	000285	2223N2W0160000060050	171.88	
6436258	000286	2223N2W0160000090010	118.22	
6436259	000287	2223N2W0160000090020	904.45	
6436260	000288	2223N2W0160000090050	118.22	
6436261	000289	2223N2W0175000000091	531.94	
6436262	000290	2223N2W0175000000140	682.15	
6436263	000291	2223N2W0175000000150	294.98	
6436264	000292	2223N2W0175000000160	3292.17	
6436265	000293	2233N2W9440000000020	515.22	
6436266	000294	2233N2W9540000000040	1379.72	
6436267	000295	2233N2W9610000000050	940.64	
6436268	000296	2243N2W0000002310000	1210.38	
6436269	000297	2243N2W0000003440400	425.64	
6436270	000298	2253N2W0000004310000	350.09	
6436271	000299	2253N2W0000004400000	647.99	
6436272	000300	2253N2W0163000000220	2973.56	
6436273	000301	2253N2W0163000000340	1772.66	
6436274	000302	2253N2W0163000000370	2377.97	
6436277	000305	2263N2W0000003220600	16541.53	
6436279	000307	2263N2W01700000D0100	560.56	
6436280	000308	2263N2W01700000D0140	620.96	
6436281	000309	2263N2W02000000C0070	1977.08	
6436282	000310	2263N2W02000000E0050	979.98	
6436283	000311	2263N2W02010000A0090	621.3	
6436286	000314	2263N2W02100000B0030	823.07	
6436288	000316	2263N2W02100000B0310	549.92	
6436289	000317	2263N2W02100000B0610	596.81	
6436290	000318	2263N2W02100000C0210	174.02	
6436291	000319	2263N2W02100000C0450	679.19	
6436292	000320	2263N2W02100000C0470	250.23	
6436293	000321	2263N2W02100000D0180	94.55	
6436294	000322	2263N2W02100000I0010	1307.73	
6436295	000323	2263N2W02100000I0070	807.24	
6436296	000324	2263N2W02100000I0090	154.41	
6436297	000325	2263N2W02100000I0250	1150.69	
6436298	000326	2263N2W02100000I0290	337.13	
6436299	000327	2263N2W02100000I0380	164.89	
6436300	000328	2263N2W02100000J0220	255.86	
6436302	000330	2263N2W02100000K0110	705.15	
6436304	000332	2263N2W02100000L0150	157.85	
6436307	000335	2263N2W15400000C0170	461.45	
6436308	000336	2263N2W15400000C0190	461.45	
6436309	000337	2263N2W15400000C0200	461.45	
6436310	000338	2263N2W15400000C0210	461.45	
6436311	000339	2263N2W15400000F0040	461.45	
6436312	000340	2263N2W15420000A0100	2710.82	
6436313	000341	2263N2W15420000C0020	5315.49	
6436314	000342	2263N2W15420000C0110	728.76	
6436315	000343	2263N2W15420000C0120	728.76	
6436316	000344	2263N2W15420000C0130	728.76	
6436317	000345	2263N2W15420000E0250	728.76	
6436318	000346	2273N2W0000001320100	921.34	
6436319	000347	2273N2W0000004420900	191.15	
6436320	000348	2273N2W0000004440100	1063.05	
6436321	000349	2273N2W0220000080010	2386.46	
6436322	000350	2273N2W0230000010070	3058.63	
6436323	000351	2273N2W02500000B0120	612.5	
6436324	000352	2273N2W02500000C0270	2237.83	
6436325	000353	2283N2W02550000B0140	3651.52	
6436326	000354	2313N2W0000003320000	892.65	
6436327	000355	2313N2W0000004130100	1342.3	
6436328	000356	2313N2W0000004221100	1474.26	
6436329	000357	2313N2W02570000E0030	346.67	
6436330	000358	2313N2W02570000E0051	646.65	
6436331	000359	2313N2W02570000E0200	187.15	
6436332	000360	2323N2W0000001130300	503.72	
6436334	000362	2323N2W0000003233000	239.64	
6436341	000369	2333N2W02590000B0111	772.61	
6436342	000370	2333N2W15220000A0070	1322.51	
6436344	000372	2333N2W15220000C0010	418.02	
6436345	000373	2333N2W15220000C0190	852.7	
6436346	000374	2343N2W0000001110400	54.82	
6436347	000375	2343N2W0000001110500	4759.32	
6436348	000376	2343N2W0000001141000	1355.89	
6436349	000377	2343N2W0000001240700	55.3	
6436350	000378	2343N2W0000001320700	1764.92	
6436351	000379	2343N2W0000002310400	2379.69	
6436352	000380	2343N2W0000002320100	259.77	
6436353	000381	2343N2W0000002342100	824.64	
6436354	000382	2343N2W0000002346000	844.98	
6436355	000383	2343N2W0000002347000	730.69	
6436356	000384	2343N2W0000002410000	3705.72	
6436357	000385	2343N2W0000003130200	81.89	
6436359	000387	2343N2W0000004120300	537.86	
6436360	000388	2343N2W0000004240100	7169.21	
6436361	000389	2343N2W0270000190010	765.51	
6436362	000390	2343N2W02800000C0010	65.36	
6436363	000391	2343N2W02800000E0110	2139.94	
6436364	000392	2343N2W02800000E0150	543.4	
6436365	000393	2343N2W02800000E0170	128.92	
6436366	000394	2343N2W02800000E0200	57.15	
6436367	000395	2343N2W02800000F0070	582.39	
6436368	000396	2343N2W02800000G0010	188.86	
6436369	000397	2343N2W02800000G0020	827.45	
6436370	000398	2343N2W02800000G0040	1205.3	
6436371	000399	2343N2W02800000G0120	203.53	
6436372	000400	2343N2W02800000G0180	1088.16	
6436373	000401	2343N2W02800000J0080	695.87	
6436374	000402	2343N2W02800000J0100	806.5	
6436375	000403	2343N2W02800000J0200	48.9	
6436376	000404	2343N2W02800000K0020	672.11	
6436377	000405	2343N2W02800000K0070	1310.39	
6436378	000406	2343N2W02800000L0110	893.77	
6436380	000408	2343N2W02900000A0190	668.39	
6436381	000409	2343N2W02900000B0090	343.94	
6436382	000410	2343N2W02900000B0260	396.98	
6436383	000411	2343N2W02910000C0070	1023.52	
6436384	000412	2343N2W02910000D0050	272.36	
6436385	000413	2343N2W02910000D0190	1409.64	
6436386	000414	2343N2W02910000D0220	806.04	
6436389	000417	2343N2W0310000030290	388.91	
6436390	000418	2343N2W03150000A0010	817.28	
6436391	000419	2343N2W03150000A0080	504.44	
6436392	000420	2343N2W03150000A0140	499.14	
6436394	000422	2343N2W03150000A0270	1105.85	
6436395	000423	2343N2W03150000A0330	804.18	
6436396	000424	2343N2W03150000B0040	824.64	
6436397	000425	2343N2W03150000B0080	992.99	
6436399	000427	2343N2W03150000B0150	903.62	
6436400	000428	2343N2W03150000C0140	230.91	
6436401	000429	2353N2W0000001210000	737.14	
6436402	000430	2353N2W0000001210200	915.69	
6436405	000433	2353N2W0000002120500	1717.53	
6436406	000434	2353N2W0000002130400	1886.34	
6436407	000435	2353N2W0000002230500	90.07	
6436408	000436	2353N2W0000002230600	546.36	
6436409	000437	2353N2W0000002230700	188.86	
6436410	000438	2353N2W0000002230800	188.86	
6436412	000440	2353N2W0000002231200	300.99	
6436413	000441	2353N2W0000002232800	544.17	
6436414	000442	2353N2W0000002240100	315.76	
6436415	000443	2353N2W0000002240700	188.86	
6436416	000444	2353N2W0000002241700	520.08	
6436418	000446	2353N2W0000002320300	188.86	
6436420	000448	2353N2W0000002330510	625.42	
6436421	000449	2353N2W0000003320400	637	
6436422	000450	2353N2W0000003331700	352.89	
6436423	000451	2353N2W0000003333300	165.95	
6436424	000452	2353N2W03200000A0010	960.27	
6436425	000453	2353N2W03200000C0010	106.54	
6436427	000455	2353N2W03200000C0110	1122.59	
6436430	000458	2353N2W03200000E0071	106.54	
6436431	000459	2353N2W03200000E0120	293.49	
6436433	000461	2353N2W03200000F0010	188.86	
6436434	000462	2353N2W03200000F0020	745.74	
6436435	000463	2353N2W03200000F0070	1658	
6436437	000465	2353N2W03200000F0090	775.36	
6436438	000466	2353N2W03200000F0130	1715.19	
6436439	000467	2353N2W0321000000580	281.82	
6436441	000469	2353N2W0330000020010	164.15	
6436442	000470	2363N2W0000002410100	1922.67	
6436443	000471	2363N2W0000003320200	341.65	
6436444	000472	2363N2W0000004410000	836.18	
6436447	000475	2033N3W0000002100000	2607.57	
6436448	000476	2033N3W0000004110200	132.98	
6436449	000477	2033N3W0000004320200	548.15	
6436451	000479	2033N3W0335000000070	249.3	
6436452	000480	2033N3W3840000000030	435.51	
6436453	000481	2033N3W3840000000040	139.99	
6436454	000482	2033N3W3840000000050	419.02	
6436455	000483	2033N3W7140000000030	1131.93	
6436456	000484	2043N3W0000003410000	1070.04	
6436457	000485	2123N3W0000001330200	84.65	
6436458	000486	2123N3W0000001340500	671.76	
6436459	000487	2123N3W0000001340900	172.97	
6436460	000488	2123N3W0000002411500	626.07	
6436461	000489	2123N3W0000004120100	163.69	
6436462	000490	2133N3W0000004210100	415.44	
6436464	000492	2173N3W0000002430100	1228.11	
6436465	000493	2173N3W0000002430400	570.59	
6436466	000494	2173N3W0000002431300	215.06	
6436467	000495	2173N3W0000002431400	139.37	
6436468	000496	2173N3W0000003210100	395.05	
6436469	000497	2173N3W0000003220500	329.19	
6436470	000498	2183N3W0000001410100	263.54	
6436471	000499	2183N3W0000001440300	49.46	
6436472	000500	2183N3W0000001440600	330.47	
6436473	000501	2183N3W0000001440700	139.34	
6436474	000502	2183N3W0000001441000	35.73	
6436475	000503	2183N3W0000004220200	259.4	
6436477	000505	2183N3W0000004230300	254.52	
6436478	000506	2183N3W0000004240500	1908.67	
6436480	000508	2183N3W0340000000110	53.01	
6436481	000509	2183N3W0340000000200	685.09	
6436482	000510	2193N3W0000001210300	426.87	
6436483	000511	2193N3W0000001210400	101.77	
6436484	000512	2193N3W03500000B0200	784.67	
6436485	000513	2193N3W03500000C0280	125.76	
6436486	000514	2193N3W03500000C0300	727.54	
6436487	000515	2233N3W0000003220300	176.06	
6436488	000516	2233N3W0000003220900	45.83	
6436489	000517	2233N3W0000003410300	316.36	
6436491	000519	2243N3W0000003130100	667.42	
6436492	000520	2243N3W0000003400000	2268.44	
6436493	000521	2243N3W0000004300000	531.57	
6436496	000524	2253N3W0000001140500	1073.93	
6436497	000525	2253N3W0000001230400	719.65	
6436498	000526	2253N3W0000001240500	432.92	
6436499	000527	2263N3W0000002210300	59.3	
6436500	000528	2263N3W0000002220300	82.11	
6436501	000529	2273N3W0000002240100	541.56	
6436502	000530	2273N3W0000003330100	124.49	
6436503	000531	2273N3W0000003331000	80.6	
6436504	000532	2273N3W0000003410200	178.86	
6436505	000533	2273N3W0000003420100	462.89	
6436506	000534	2273N3W0000003420500	2477.35	
6436508	000536	2303N3W0000002310100	424.97	
6436511	000539	2303N3W0000002440600	1255.07	
6436512	000540	2303N3W0000003110100	863.67	
6436515	000543	2313N3W0000003120100	151.71	
6436516	000544	2313N3W0000003120400	149.57	
6436519	000547	2333N3W0000004100000	359.03	
6436520	000548	2333N3W0000004430100	72.62	
6436521	000549	2343N3W0000003120500	457.47	
6436522	000550	2343N3W0000003121000	558.82	
6436523	000551	2343N3W0000003130100	280.19	
6436524	000552	2343N3W0000003230500	482.04	
6436525	000553	2343N3W0000003230700	230.84	
6436526	000554	2343N3W0000003320500	150.34	
6436527	000555	2343N3W0000003340300	116.21	
6436528	000556	2343N3W04000000D0040	824.51	
6436529	000557	2343N3W04000000E0070	515.34	
6436530	000558	2343N3W1502000000070	432.85	
6436532	000560	2343N3W1518000000050	644.9	
6436533	000561	2343N3W3330000000020	202.86	
6436534	000562	2363N3W0000004100000	364.26	
6436535	000563	2363N3W0000004300100	45.36	
6436536	000564	2013N4W0000002210500	561.32	
6436537	000565	2023N4W0000001130000	3733.55	
6436538	000566	2023N4W0000001330300	205.66	
6436539	000567	2023N4W0000002110200	334.44	
6436540	000568	2023N4W0000002110300	368.16	
6436541	000569	2023N4W0000002110500	546.5	
6436542	000570	2023N4W0000002110600	40.8	
6436543	000571	2023N4W0000002120100	1467.38	
6436544	000572	2023N4W0000002130200	358.95	
6436545	000573	2023N4W0000002130300	386.08	
6436546	000574	2023N4W0000002130500	319.72	
6436547	000575	2023N4W0000002140100	179.07	
6436548	000576	2023N4W0000002210000	64.06	
6436550	000578	2023N4W0000002330100	1239.94	
6436551	000579	2023N4W0000002330300	182.97	
6436552	000580	2023N4W0000002340200	1936.75	
6436553	000581	2023N4W0000002340400	1129.15	
6436554	000582	2023N4W0000002410500	543.59	
6436555	000583	2023N4W0000002420200	721.67	
6436557	000585	2023N4W0000003132000	373.03	
6436560	000588	2023N4W0000003230600	291.57	
6436561	000589	2023N4W0000004340100	261.11	
6436563	000591	2033N4W0000002410300	180.02	
6436564	000592	2033N4W0000004210100	987.35	
6436565	000593	2033N4W0000004220000	860.3	
6436566	000594	2033N4W0000004430200	415.77	
6436567	000595	2033N4W1515000000040	159.18	
6436568	000596	2033N4W1515000000050	159.18	
6436569	000597	2033N4W1515000000060	159.18	
6436570	000598	2033N4W1515000000070	159.17	
6436571	000599	2033N4W1515000000110	648.14	
6436572	000600	2033N4W4310000000010	506.22	
6436575	000603	2083N4W0000004100100	1256.64	
6436576	000604	2093N4W0000003100300	2122.55	
6436577	000605	2093N4W0000003130200	192.58	
6436578	000606	2093N4W0000003130300	192.58	
6436579	000607	2093N4W0000003300000	1208.13	
6436580	000608	2093N4W0000003300300	1208.13	
6436581	000609	2093N4W0000004210000	235.59	
6436582	000610	2093N4W0000004210200	497.68	
6436583	000611	2093N4W0000004210300	497.68	
6436587	000615	2103N4W0000001420400	332.6	
6436589	000617	2113N4W0000003100000	2312.7	
6436590	000618	2143N4W0000002300200	316.36	
6436591	000619	2143N4W0000002300500	517.74	
6436592	000620	2143N4W0000002330300	404.38	
6436593	000621	2143N4W0000002420100	8649.44	
6436594	000622	2143N4W0000003430100	591.36	
6436597	000625	2153N4W0000001120200	144.37	
6436598	000626	2153N4W0000001121300	2261.82	
6436599	000627	2153N4W0000001140400	316.71	
6436601	000629	2153N4W0000001211000	286.44	
6436602	000630	2153N4W0000001240400	159.44	
6436603	000631	2153N4W0000001241000	471.71	
6436604	000632	2153N4W0000001310300	338.17	
6436605	000633	2153N4W0000001330100	1191.26	
6436606	000634	2153N4W0000001330500	1031.01	
6436607	000635	2153N4W0000001340100	226.58	
6436608	000636	2153N4W0000001420100	1026.71	
6436609	000637	2153N4W0000001420200	804.52	
6436610	000638	2153N4W0000001430400	171.72	
6436611	000639	2153N4W0000001440100	1269.65	
6436612	000640	2153N4W0000002111400	299.02	
6436613	000641	2153N4W0000002120200	680.19	
6436616	000644	2153N4W0000002220200	133.79	
6436617	000645	2153N4W0000002220700	79.08	
6436619	000647	2153N4W0000002420100	389.81	
6436620	000648	2153N4W0000002420700	484.37	
6436621	000649	2153N4W0000002430200	610.67	
6436622	000650	2153N4W0000002430400	511.75	
6436623	000651	2153N4W0000002430500	183.05	
6436624	000652	2153N4W0000002440100	244.78	
6436625	000653	2153N4W0000002440200	659.13	
6436627	000655	2153N4W0000003440000	2348.82	
6436628	000656	2163N4W0000002110000	1019.39	
6436629	000657	2163N4W0000002440100	134.01	
6436630	000658	2163N4W0000002440200	172.31	
6436631	000659	2163N4W0415000000070	380.25	
6436632	000660	2173N4W0000003000200	2260.64	
6436633	000661	2173N4W0000003000300	511.9	
6436635	000663	2183N4W0000001330100	466.96	
6436636	000664	2183N4W5620000000040	1262.74	
6436637	000665	2193N4W0000003100000	5328.82	
6436638	000666	2213N4W4710000000010	712.12	
6436639	000667	2213N4W4710000000040	53.66	
6436640	000668	2223N4W0000001110100	37.85	
6436641	000669	2233N4W0000001240600	2165.11	
6436642	000670	2233N4W0000001240700	142.7	
6436643	000671	2233N4W0000001321200	426.45	
6436644	000672	2233N4W0000001330000	739.35	
6436645	000673	2233N4W0000002110300	913.7	
6436647	000675	2233N4W0000004210700	147.24	
6436648	000676	2233N4W04100000B0040	835.31	
6436649	000677	2233N4W04100000C0040	432.19	
6436650	000678	2233N4W04100000C0050	125.3	
6436651	000679	2233N4W04100000E0010	529.76	
6436652	000680	2233N4W04100000E0020	367.61	
6436653	000681	2233N4W04100000F0030	148.15	
6436654	000682	2233N4W04100000F0090	171.38	
6436655	000683	2233N4W3103400000020	2325.75	
6436657	000685	2253N4W0000003340000	3442.51	
6436658	000686	2273N4W04360000B0110	1012.25	
6436659	000687	2273N4W1516000000001	235.72	
6436660	000688	2283N4W0434000040050	347.48	
6436661	000689	2283N4W0434000070020	293.51	
6436664	000692	2283N4W0434000120040	420.84	
6436665	000693	2293N4W0000003130100	971.86	
6436666	000694	2293N4W0000003130500	87.04	
6436667	000695	2293N4W0000003420200	208.72	
6436668	000696	2293N4W0000003420210	339.59	
6436669	000697	2293N4W0000003420250	304.16	
6436670	000698	2293N4W0000003420270	868.83	
6436671	000699	2293N4W0000003420500	143.68	
6436675	000703	2293N4W0000003423200	730.39	
6436676	000704	2293N4W0000003440500	607.15	
6436677	000705	2293N4W0000003440600	535	
6436679	000707	2293N4W0000003441200	2309.25	
6436682	000710	2293N4W0000004340100	311.06	
6436683	000711	2293N4W0420000000341	920.35	
6436685	000713	2303N4W0000004110700	582.75	
6436686	000714	2303N4W0000004110900	403.02	
6436688	000716	2303N4W0000004111100	187.83	
6436689	000717	2303N4W0000004112800	686.51	
6436690	000718	2303N4W0000004130400	480.62	
6436691	000719	2303N4W0000004130700	495.28	
6436694	000722	2303N4W0000004310300	776.9	
6436695	000723	2303N4W0000004413000	151.4	
6436696	000724	2303N4W0000004430100	342.41	
6436698	000726	2303N4W0000004431000	422.82	
6436701	000729	2303N4W0000004431500	196.55	
6436703	000731	2303N4W0425000000180	1870.6	
6436704	000732	2303N4W0425000000200	1109.2	
6436705	000733	2313N4W0000001430000	1285.34	
6436706	000734	2313N4W0000002400200	501.42	
6436709	000737	2313N4W4820000000010	590.6	
6436710	000738	2313N4W4820000000030	846.74	
6436711	000739	2313N4W4820000000050	723.78	
6436713	000741	2323N4W0000003220100	244.61	
6436715	000743	2323N4W0000003240300	174.28	
6436716	000744	2323N4W0000004320200	54.96	
6436717	000745	2323N4W0430000130040	1053.57	
6436718	000746	2323N4W0430000220031	548.1	
6436719	000747	2323N4W0430000230011	624.14	
6436721	000749	2323N4W0430000250010	384.2	
6436723	000751	2323N4W0430000340010	127.99	
6436724	000752	2323N4W0430000420041	100.48	
6436725	000753	2323N4W0430000430010	176.76	
6436726	000754	2323N4W0430000430021	184.3	
6436727	000755	2323N4W0430000440030	548.41	
6436729	000757	2323N4W0430000510040	182.48	
6436730	000758	2323N4W0430000510041	322.46	
6436732	000760	2323N4W0430000550040	587.63	
6436733	000761	2323N4W0430000600020	273.26	
6436734	000762	2323N4W0430000600022	291.84	
6436735	000763	2323N4W0430000610012	558.48	
6436736	000764	2323N4W0430000630031	2883.62	
6436737	000765	2323N4W0430000640030	1000.83	
6436738	000766	2323N4W0430000700050	857.27	
6436739	000767	2323N4W0430000710011	273.26	
6436740	000768	2323N4W0430000710050	434	
6436741	000769	2323N4W0430000720010	586.21	
6436742	000770	2323N4W0430000720110	176.76	
6436743	000771	2323N4W0430000740011	176.76	
6436744	000772	2323N4W0430000740020	176.76	
6436745	000773	2323N4W0430000740030	176.76	
6436746	000774	2323N4W0430000740040	176.76	
6436747	000775	2323N4W0430000740050	231.74	
6436748	000776	2323N4W0430000740090	176.76	
6436749	000777	2323N4W0430000750110	176.76	
6436750	000778	2323N4W0430000750111	640.15	
6436752	000780	2323N4W04350000B0060	579.8	
6436753	000781	2323N4W04350000B0190	94.65	
6436754	000782	2323N4W04350000D0090	360.56	
6436755	000783	2323N4W04350000D0110	260.66	
6436756	000784	2323N4W04350000D0230	316.37	
6436757	000785	2323N4W04350000D0310	1367.79	
6436758	000786	2353N4W0000003300310	805.94	
6436759	000787	2353N4W0000004340400	131.4	
6436760	000788	2353N4W0433000000200	2176.97	
6436761	000789	2353N4W0433000000210	6931.73	
6436763	000791	2363N4W0000002130500	1385.22	
6436764	000792	2363N4W0000002440300	423.18	
6436765	000793	2363N4W0000003130100	172.35	
6436766	000794	2363N4W0000004230100	1770.64	
6436768	000796	2363N4W0000004340600	321.02	
6436770	000798	2033N5W0000002220500	94.73	
6436771	000799	2043N5W0000001110700	579.18	
6436772	000800	2053N5W0000003410200	50.57	
6436773	000801	2063N5W0000001220100	92.13	
6436774	000802	2063N5W0000004220100	770.43	
6436775	000803	2063N5W0439000000040	907.87	
6436777	000805	2063N5W0439000000121	371.71	
6436779	000807	2083N5W0000004300000	3117.2	
6436780	000808	2083N5W0000004300100	132.33	
6436781	000809	2083N5W0000004300200	338.21	
6436782	000810	2093N5W0000003300000	465.23	
6436783	000811	2113N5W0000001200900	473.98	
6436784	000812	2123N5W0000001120400	154.56	
6436785	000813	2123N5W0000001130200	475.46	
6436786	000814	2123N5W0000002330100	1065	
6436787	000815	2123N5W0000003200200	546.35	
6436788	000816	2123N5W0000003340100	815.44	
6436791	000819	2133N5W0000003331000	264.07	
6436792	000820	2133N5W0000003331300	570.2	
6436793	000821	2133N5W0000003410100	92.13	
6436794	000822	2133N5W0000004210000	1655.13	
6436795	000823	2133N5W0000004240100	195.47	
6436796	000824	2133N5W5240000000040	299.37	
6436797	000825	2133N5W5240000000050	2773.19	
6436800	000828	2143N5W0000001430700	525.05	
6436802	000830	2163N5W0000002110100	75.07	
6436803	000831	2163N5W0000002120100	65.73	
6436805	000833	2183N5W0000004100000	271.76	
6436806	000834	2203N5W0000002210100	112.5	
6436807	000835	2203N5W0000002210900	88.45	
6436808	000836	2203N5W0000002211000	598.71	
6436809	000837	2213N5W0000001220100	643.88	
6436810	000838	2213N5W0000001220200	274.24	
6436811	000839	2213N5W0000001220300	132.78	
6436812	000840	2213N5W0000001440200	92.13	
6436813	000841	2213N5W0000004100200	314.26	
6436814	000842	2213N5W0000004100400	93.74	
6436815	000843	2213N5W0000004440200	217.57	
6436816	000844	2213N5W0000004440500	313.53	
6436817	000845	2213N5W0440000010051	36.16	
6436818	000846	2213N5W0440000020010	251.78	
6436819	000847	2213N5W0440000030020	80.43	
6436820	000848	2213N5W0440000060020	336.05	
6436821	000849	2213N5W0440000060060	65.86	
6436822	000850	2233N5W0000001100000	690.69	
6436825	000853	2243N5W0000001100300	188.56	
6436826	000854	2243N5W0000002110000	596.66	
6436827	000855	2243N5W0000002230100	764.17	
6436828	000856	2243N5W0000002230300	349.8	
6436829	000857	2243N5W0000002320100	375.28	
6436830	000858	2243N5W0000002320200	2473.23	
6436831	000859	2243N5W5420000000010	756.77	
6436832	000860	2263N5W0000003410300	128.8	
6436833	000861	2263N5W0000004100100	675.83	
6436835	000863	2263N5W0431000000010	721.19	
6436836	000864	2263N5W0431000000110	149.87	
6436837	000865	2273N5W0000003310100	1155.2	
6436838	000866	2283N5W0000004120100	92.13	
6436839	000867	2293N5W0000003200000	723.91	
6436840	000868	2343N5W0000003140000	920.78	
6436841	000869	2343N5W0000003210100	500.75	
6436842	000870	2353N5W0000001120100	727.26	
6436844	000872	2353N5W0000001240100	92.13	
6436848	000876	2353N5W0000001410100	848.1	
6436849	000877	2353N5W0000003200200	573.49	
6436850	000878	2363N5W1555000000010	644.14	
6436852	000880	2363N5W1555000000100	1113.54	
6436853	000881	2363N5W1555000000120	1113.54	
6436854	000882	2363N5W1555000000140	483.18	
6436855	000883	2033N6W0000002110100	343.57	
6436858	000886	2033N6W0000002130300	306.85	
6436859	000887	2033N6W0000002130500	134.41	
6436860	000888	2033N6W0000002131100	36.44	
6436861	000889	2033N6W0000002140700	766.95	
6436863	000891	2033N6W0000002230700	656.38	
6436867	000895	2033N6W0000002320100	272.56	
6436868	000896	2033N6W0000002330200	134.41	
6436870	000898	2033N6W0000002331000	168.08	
6436873	000901	2033N6W0000002340400	335.64	
6436874	000902	2033N6W0000002340600	531.23	
6436875	000903	2033N6W0000002411100	47.6	
6436876	000904	2033N6W0000002430500	222.03	
6436877	000905	2033N6W0000002430700	79.31	
6436878	000906	2033N6W0000003110500	143.63	
6436879	000907	2033N6W0000003111900	709.57	
6436880	000908	2033N6W0000003112600	113.75	
6436881	000909	2033N6W0000003120300	478.27	
6436882	000910	2033N6W0000003120400	426.86	
6436883	000911	2033N6W0000003121000	134.41	
6436884	000912	2033N6W0000003121100	195.05	
6436885	000913	2033N6W0000003130400	521.22	
6436886	000914	2033N6W0000003130500	46.24	
6436888	000916	2033N6W0000003140100	321.65	
6436889	000917	2033N6W0000003211200	134.41	
6436890	000918	2033N6W0000003211600	880.29	
6436891	000919	2033N6W0000003240300	616.73	
6436892	000920	2033N6W0000003300100	87.08	
6436893	000921	2033N6W0000003420200	728.87	
6436895	000923	2033N6W0000003420800	134.41	
6436897	000925	2033N6W0000004233000	118.7	
6436898	000926	2033N6W0000004233100	134.41	
6436899	000927	2033N6W0000004320200	590.9	
6436900	000928	2033N6W0000004320500	162.29	
6436901	000929	2033N6W0000004320700	118.7	
6436902	000930	2033N6W0000004320800	1298.51	
6436903	000931	2033N6W0000004330100	71.46	
6436904	000932	2033N6W0000004330200	118.7	
6436906	000934	2033N6W0450000070040	134.41	
6436907	000935	2033N6W0450000090010	217.06	
6436908	000936	2033N6W0450000090030	592.98	
6436909	000937	2033N6W0450000090040	248.11	
6436910	000938	2033N6W0450000100020	273.68	
6436914	000942	2033N6W0450000160040	95.84	
6436915	000943	2033N6W05110000A0170	35.24	
6436917	000945	2043N6W0000001110100	455.2	
6436919	000947	2043N6W0000001130500	753.18	
6436920	000948	2043N6W0000001130600	1523.21	
6436921	000949	2043N6W0000001140400	206.16	
6436922	000950	2043N6W0000001210100	1119.74	
6436924	000952	2043N6W0000001230100	311.7	
6436925	000953	2043N6W0000001230200	361.33	
6436926	000954	2043N6W0000001230400	236.29	
6436927	000955	2043N6W0000001240200	1036.88	
6436928	000956	2043N6W0000001240400	86.7	
6436929	000957	2043N6W0000001410300	112.39	
6436930	000958	2043N6W0000001410400	64.72	
6436931	000959	2043N6W0000001410500	87.89	
6436932	000960	2043N6W0000001410600	51.59	
6436933	000961	2043N6W0000001410700	87.89	
6436934	000962	2043N6W0000004120100	143.63	
6436935	000963	2043N6W0000004120600	725.15	
6436936	000964	2043N6W0000004121000	240.97	
6436937	000965	2043N6W0000004210200	1138.79	
6436938	000966	2043N6W0000004210500	175.5	
6436939	000967	2043N6W0000004220800	38.4	
6436940	000968	2043N6W0000004240100	99.85	
6436941	000969	2043N6W0000004240400	488.24	
6436942	000970	2043N6W0000004240600	2922.02	
6436943	000971	2043N6W0000004240800	390.54	
6436944	000972	2043N6W0000004330200	36.36	
6436945	000973	2043N6W0000004410300	974.5	
6436946	000974	2043N6W0000004411500	79.31	
6436947	000975	2043N6W0000004420100	197.21	
6436948	000976	2043N6W0000004420200	134.41	
6436950	000978	2043N6W0020000000570	381.08	
6436952	000980	2043N6W0020000001850	163.21	
6436953	000981	2043N6W0020000002300	364.74	
6436957	000985	2043N6W0450000040081	343.33	
6436958	000986	2043N6W0450000050031	95.11	
6436959	000987	2043N6W0450000050041	134.41	
6436961	000989	2043N6W0450000120010	134.41	
6436962	000990	2043N6W0450000120040	177.8	
6436963	000991	2043N6W04700000A0010	123.49	
6436964	000992	2043N6W0480000010010	341.97	
6436965	000993	2043N6W0480000030040	899.81	
6436967	000995	2043N6W04900000B0020	74.2	
6436969	000997	2043N6W05100000E0352	134.41	
6436970	000998	2043N6W0520000040030	714.25	
6436971	000999	2043N6W0520000050010	773.06	
6436972	001000	2043N6W0530000030010	122.6	
6436973	001001	2043N6W0530000180025	1809.96	
6436974	001002	2043N6W0530000180026	200.86	
6436976	001004	2083N6W0000001240100	58.16	
6436977	001005	2093N6W0000001130300	207.28	
6436978	001006	2093N6W0000001240100	171.59	
6436979	001007	2093N6W0000001330100	139.69	
6436980	001008	2093N6W0000001330900	88.38	
6436981	001009	2093N6W0540000010010	80.78	
6436982	001010	2093N6W0540000060010	99.63	
6436983	001011	2093N6W0540000070060	359.21	
6436984	001012	2093N6W0540000120030	99.63	
6436985	001013	2093N6W0540000120050	245.1	
6436987	001015	2093N6W0540000150010	110.37	
6436988	001016	2093N6W0540000150020	160.01	
6436989	001017	2093N6W0550000040010	267.38	
6436991	001019	2093N6W0560000000180	238.15	
6436993	001021	2093N6W0560000000201	327.06	
6436994	001022	2103N6W0000001110200	563.42	
6436995	001023	2103N6W0000001110300	1931.92	
6436996	001024	2103N6W0000001140300	491.09	
6436997	001025	2103N6W0000001140600	92.13	
6436998	001026	2103N6W0000001220100	152.95	
6436999	001027	2103N6W0000003210200	92.13	
6437000	001028	2103N6W0000003231100	92.13	
6437001	001029	2103N6W0000003231300	111.14	
6437002	001030	2133N6W0000003140100	206.45	
6437003	001031	2143N6W0000002410200	373.29	
6437005	001033	2143N6W0000003120400	411.2	
6437006	001034	2143N6W0000003140400	99.73	
6437007	001035	2143N6W0000003140700	470.01	
6437008	001036	2143N6W0000003210700	464.93	
6437011	001039	2143N6W0000003231000	104.17	
6437012	001040	2143N6W3132000000010	79.15	
6437013	001041	2153N6W0000004110220	106.79	
6437014	001042	2153N6W0000004110230	325.94	
6437016	001044	2153N6W0000004112900	95.51	
6437017	001045	2153N6W0000004130300	39.44	
6437018	001046	2153N6W0000004131500	191.28	
6437019	001047	2153N6W0000004132000	128.79	
6437020	001048	2153N6W0000004140400	606.07	
6437021	001049	2153N6W0000004140600	438.11	
6437022	001050	2153N6W0000004140800	539.25	
6437023	001051	2153N6W0000004410800	95.44	
6437024	001052	2153N6W0000004411100	778.65	
6437025	001053	2153N6W0000004411500	70.57	
6437026	001054	2153N6W0000004420100	584.76	
6437027	001055	2153N6W0000004420500	353.81	
6437028	001056	2153N6W0000004420600	68.67	
6437029	001057	2153N6W0000004421600	857.47	
6437030	001058	2153N6W0000004430200	92.13	
6437031	001059	2153N6W0000004430300	189.24	
6437033	001061	2183N6W0000004430000	573.49	
6437035	001063	2233N6W0000001121000	132.87	
6437036	001064	2243N6W0000003320100	259.41	
6437037	001065	2293N6W0000001300000	507.57	
6437038	001066	2313N6W0000003440100	114.29	
6437039	001067	2313N6W0000004230400	198.63	
6437042	001070	2323N6W0000003410500	198.95	
6437043	001071	2323N6W0000003440100	803.87	
6437044	001072	3062N1W5340000000050	592.49	
6437045	001073	3072N1W0000003200000	2696.89	
6437046	001074	3012N2W0000001100300	424.22	
6437050	001078	3012N2W0000002120000	450.04	
6437051	001079	3012N2W0000002311200	215.1	
6437052	001080	3012N2W0000002311300	366.05	
6437053	001081	3012N2W0000002311600	1843.71	
6437054	001082	3012N2W0000002330200	259.59	
6437055	001083	3012N2W0000002340900	281.61	
6437056	001084	3012N2W0000002410200	423.49	
6437057	001085	3012N2W0000002410500	539.74	
6437058	001086	3012N2W0000003211000	644.9	
6437060	001088	3012N2W0000003430100	726.26	
6437061	001089	3022N2W0000001300300	1009.75	
6437062	001090	3022N2W0000002220400	236.95	
6437063	001091	3022N2W0000002220500	1598.64	
6437066	001094	3022N2W0000004440200	1568.14	
6437067	001095	3022N2W1300000010110	969.14	
6437068	001096	3022N2W1300000020090	922.58	
6437069	001097	3022N2W1300000020100	323.1	
6437071	001099	3022N2W1300000020130	38.3	
6437072	001100	3022N2W1300000020171	826.98	
6437073	001101	3022N2W1300000020210	443.15	
6437074	001102	3022N2W1300000030340	681.44	
6437076	001104	3032N2W0000001140100	954.83	
6437079	001107	3032N2W0000001440500	597.67	
6437080	001108	3032N2W0000002130300	774.2	
6437082	001110	3032N2W0000002210200	739	
6437083	001111	3032N2W0000002210500	268.84	
6437084	001112	3032N2W0000004120100	1892.12	
6437086	001114	3032N2W0000004141000	677.29	
6437087	001115	3032N2W0000004240200	346.67	
6437088	001116	3032N2W0000004240300	2723.57	
6437089	001117	3032N2W0561000000060	1298.49	
6437090	001118	3032N2W056100000010A	659.25	
6437093	001121	3032N2W0562000000260	234.7	
6437094	001122	3032N2W0562000000350	534.31	
6437096	001124	3032N2W1524000000090	7913.18	
6437097	001125	3042N2W0561000000190	728.6	
6437098	001126	3042N2W0561000000470	475.23	
6437100	001128	3042N2W0561000000600	758.04	
6437103	001131	3052N2W0000002200600	3006.88	
6437104	001132	3052N2W0000002201000	3784.42	
6437105	001133	3052N2W05740000D0380	392.75	
6437106	001134	3052N2W05740000G0080	1370.04	
6437107	001135	3052N2W05750000F0150	564.6	
6437108	001136	3052N2W0575000DD0150	1490.57	
6437109	001137	3062N2W0000001101000	614.21	
6437110	001138	3062N2W0575000CC0160	564.6	
6437111	001139	3072N2W0000001320200	150.85	
6437112	001140	3072N2W0000001320500	144.82	
6437113	001141	3072N2W0000001320600	144.82	
6437116	001144	3082N2W0000001300300	1538.36	
6437118	001146	3082N2W05750000A0350	496.83	
6437119	001147	3082N2W05750000A0360	234.76	
6437120	001148	3092N2W0000003330100	542.72	
6437121	001149	3092N2W0000004201310	756.75	
6437122	001150	3102N2W0000002130000	271.59	
6437123	001151	3102N2W0000002300100	857.11	
6437124	001152	3102N2W0000003230100	711.24	
6437125	001153	3102N2W0000003320300	1055.66	
6437126	001154	3112N2W0000004111000	1518.32	
6437127	001155	3112N2W0000004230300	42.24	
6437128	001156	3122N2W0000001210100	782.04	
6437130	001158	3122N2W0000002430100	1478.92	
6437131	001159	3122N2W0000004310100	38.91	
6437132	001160	3122N2W0572000000290	1059.59	
6437134	001162	3122N2W0572000000400	173.39	
6437135	001163	3122N2W0572000000410	857.03	
6437136	001164	3122N2W0572000000480	323.08	
6437137	001165	3122N2W0572000000490	174.75	
6437138	001166	3122N2W0572000000670	139.78	
6437139	001167	3122N2W0572000000680	208.8	
6437140	001168	3122N2W0572000000900	446.43	
6437141	001169	3132N2W0000001300100	2011.43	
6437142	001170	3132N2W0000002320100	1133.16	
6437143	001171	3132N2W0000002321000	1578.66	
6437144	001172	3132N2W0570000000220	215.68	
6437145	001173	3132N2W0570000000270	300.68	
6437147	001175	3132N2W0570000000300	511.95	
6437149	001177	3132N2W0570000000570	681.66	
6437150	001178	3132N2W0570000000660	435.67	
6437151	001179	3132N2W0570000000680	1411.58	
6437152	001180	3132N2W0570000000750	703.4	
6437154	001182	3132N2W0570000000810	334.02	
6437157	001185	3132N2W0570000001920	239.24	
6437158	001186	3132N2W0570000001930	351.23	
6437161	001189	3132N2W0572000000740	276.86	
6437166	001194	3142N2W0000001100300	364.97	
6437167	001195	3142N2W0000001330100	631.37	
6437168	001196	3142N2W0000001340400	337.45	
6437169	001197	3142N2W0000001340500	201.5	
6437170	001198	3142N2W0000002430100	523.61	
6437172	001200	3142N2W0000003122000	93.64	
6437175	001203	3142N2W0000003440000	111.94	
6437176	001204	3142N2W0000004120400	325.62	
6437177	001205	3142N2W0000004320100	1364.61	
6437178	001206	3142N2W0000004420100	1102.62	
6437180	001208	3142N2W0000004420600	466.45	
6437182	001210	3142N2W05650000C0090	831.11	
6437184	001212	3142N2W05650000D0070	1769.96	
6437185	001213	3142N2W05650000D0090	1261.72	
6437186	001214	3142N2W05650000F0020	847.99	
6437189	001217	3152N2W05710000C0050	2217.78	
6437190	001218	3152N2W1541000000270	1904.92	
6437194	001222	3172N2W0578000000191	849.09	
6437195	001223	3202N2W0000002120200	848.38	
6437196	001224	3202N2W0000004110100	1475.59	
6437197	001225	3202N2W0000004120200	572.56	
6437198	001226	3232N2W0000001120200	1776.52	
6437200	001228	3272N2W0000002200100	397.61	
6437201	001229	3302N2W0000003230200	43.32	
6437205	001233	3312N2W0000002320500	598.81	
6437206	001234	3312N2W0000002330300	1196.84	
6437207	001235	3312N2W05800000B0060	3517.44	
6437209	001237	3312N2W05810000C0040	638.37	
6437210	001238	3312N2W05810000D0010	814.3	
6437213	001241	3322N2W0000002330300	711.05	
6437214	001242	3322N2W0000002410110	766.69	
6437215	001243	3322N2W0000002410200	166.04	
6437216	001244	3322N2W0000002410330	231.5	
6437217	001245	3322N2W0000002430200	486.23	
6437218	001246	3322N2W0000003110500	523.25	
6437219	001247	3322N2W0000003110800	621.12	
6437220	001248	3322N2W0000003130100	287.14	
6437222	001250	3322N2W0000003140300	292.61	
6437226	001254	3332N2W0000003100400	258.45	
6437227	001255	3332N2W0000003330000	1161.6	
6437228	001256	3012N3W0000002330400	914.42	
6437229	001257	3022N3W0000001320200	911.11	
6437231	001259	3022N3W0000002220300	225.47	
6437232	001260	3022N3W0000002230500	172.72	
6437233	001261	3022N3W0000002230700	105	
6437234	001262	3022N3W0000002230800	134.16	
6437236	001264	3022N3W0000002231200	1836.51	
6437237	001265	3022N3W0000002232000	324.04	
6437238	001266	3022N3W0000002240200	136.97	
6437239	001267	3022N3W0000003230700	731.48	
6437240	001268	3022N3W0000003410200	520.52	
6437241	001269	3022N3W0000003420000	374.77	
6437242	001270	3022N3W0000003420100	95.61	
6437243	001271	3022N3W0000003420600	6115.92	
6437244	001272	3022N3W0000004320100	528.18	
6437245	001273	3032N3W0000001141000	845.56	
6437246	001274	3032N3W0000001220100	254.2	
6437247	001275	3032N3W0000001220400	182.72	
6437248	001276	3032N3W0000001310300	75.14	
6437249	001277	3032N3W0000001320100	165.21	
6437250	001278	3032N3W0000002110300	953.2	
6437251	001279	3032N3W0000002110800	121.51	
6437252	001280	3032N3W0000002130200	490.35	
6437253	001281	3032N3W0000002140200	316.73	
6437254	001282	3032N3W0000002210800	548.65	
6437255	001283	3032N3W0000002211100	1094.23	
6437256	001284	3032N3W0000002211500	254.12	
6437257	001285	3032N3W0000002211600	180.88	
6437258	001286	3032N3W0000002230200	47.97	
6437260	001288	3032N3W0000002310500	147.8	
6437261	001289	3032N3W0000002320800	119.26	
6437262	001290	3032N3W0000002320900	600.37	
6437263	001291	3032N3W0000002420800	104.87	
6437265	001293	3042N3W0000001410100	479.23	
6437267	001295	3042N3W0000002330200	1099.19	
6437268	001296	3042N3W0000002340200	217.7	
6437269	001297	3042N3W0000003110400	111	
6437270	001298	3042N3W0000003140500	605.24	
6437271	001299	3042N3W0000003210300	1053.29	
6437273	001301	3042N3W0000003220200	952.48	
6437276	001304	3042N3W0600000000010	1414.07	
6437277	001305	3042N3W0600000000060	136.97	
6437278	001306	3042N3W0600000000080	144.03	
6437279	001307	3042N3W0600000000090	102.55	
6437280	001308	3042N3W0600000000320	71.21	
6437281	001309	3042N3W0600000000440	63.39	
6437282	001310	3042N3W0600000000540	102.55	
6437283	001311	3042N3W0600000000670	370.69	
6437284	001312	3042N3W0600000000680	955.71	
6437285	001313	3042N3W0600000000840	55.55	
6437286	001314	3062N3W0000003130300	592.47	
6437287	001315	3062N3W0000003230300	325.35	
6437288	001316	3062N3W0000003240400	278.65	
6437289	001317	3062N3W0000003240700	105.55	
6437290	001318	3062N3W0000003310200	1949.55	
6437291	001319	3062N3W0000003310400	993.9	
6437292	001320	3062N3W0000003310700	1726.41	
6437293	001321	3062N3W0000003340200	349.04	
6437294	001322	3062N3W0000003340400	87.71	
6437296	001324	3062N3W0620000000050	163.35	
6437297	001325	3062N3W0640000010010	186.89	
6437298	001326	3062N3W0640000010030	1393.33	
6437300	001328	3062N3W0640000020040	1020.5	
6437301	001329	3062N3W06500000A0040	303.89	
6437302	001330	3062N3W06500000A0050	1598.77	
6437303	001331	3072N3W0000001220800	743.25	
6437304	001332	3072N3W0000001230700	733.04	
6437305	001333	3072N3W0000001310200	1849.58	
6437306	001334	3072N3W0000001311000	1930.46	
6437307	001335	3072N3W0000001320400	1901.19	
6437308	001336	3072N3W0000001330100	3108.06	
6437309	001337	3072N3W0000001330700	989.03	
6437310	001338	3072N3W0000001331200	86.75	
6437313	001341	3072N3W0000003210300	82.32	
6437314	001342	3072N3W0000003210500	82.32	
6437315	001343	3072N3W0000003211400	1821.69	
6437316	001344	3072N3W0000003420300	276.03	
6437317	001345	3072N3W0000003420500	902.47	
6437318	001346	3072N3W0000004220500	253.19	
6437319	001347	3072N3W06600000A0010	1697.85	
6437321	001349	3072N3W06600000B0080	2075.4	
6437322	001350	3072N3W06600000C0030	1607.37	
6437323	001351	3072N3W06600000C0090	1141.16	
6437324	001352	3072N3W06800000A0010	860.71	
6437325	001353	3072N3W06800000A0090	638.72	
6437326	001354	3072N3W06800000A0150	725.95	
6437331	001359	3072N3W06800000C0060	256.63	
6437332	001360	3072N3W06900000A0030	256.63	
6437333	001361	3072N3W06900000A0080	82.32	
6437335	001363	3072N3W06900000B0120	956.05	
6437336	001364	3072N3W06900000C0090	1585.14	
6437337	001365	3072N3W06900000E0040	1535.84	
6437338	001366	3072N3W06900000E0060	265.26	
6437339	001367	3072N3W06900000E0110	140.4	
6437340	001368	3072N3W06900000F0050	873.4	
6437341	001369	3072N3W06900000G0110	1576.46	
6437342	001370	3072N3W06900000H0050	2005.18	
6437343	001371	3072N3W06900000H0150	1838.14	
6437345	001373	3072N3W06900000K0011	752.28	
6437347	001375	3072N3W06900000M0070	1299.1	
6437348	001376	3072N3W0700000010010	2039.02	
6437349	001377	3072N3W0700000020020	528.58	
6437351	001379	3072N3W0700000050100	2547.8	
6437352	001380	3072N3W0700000070020	896.94	
6437353	001381	3072N3W0700000070050	1685.02	
6437354	001382	3072N3W0700000080020	1039.58	
6437356	001384	3072N3W0700000160010	884.79	
6437358	001386	3072N3W07100000A0070	1402.95	
6437359	001387	3072N3W07100000C0020	805.62	
6437360	001388	3072N3W07100000C0050	276.07	
6437361	001389	3072N3W07200000A0050	244.8	
6437362	001390	3072N3W07200000A0060	728.56	
6437363	001391	3072N3W0730000000130	1144.22	
6437364	001392	3072N3W0730000000150	3313.4	
6437365	001393	3072N3W0730000000151	2668.23	
6437366	001394	3072N3W0730000000180	3076.83	
6437367	001395	3072N3W0730000000224	2175.56	
6437368	001396	3072N3W0730000000282	1314.44	
6437369	001397	3072N3W0730000000283	4540.1	
6437370	001398	3072N3W0730000000733	1406.66	
6437371	001399	3072N3W0730000000850	3868.47	
6437372	001400	3072N3W0730000000930	4321.63	
6437373	001401	3072N3W0730000001094	666.12	
6437374	001402	3072N3W0730000001300	981.51	
6437375	001403	3072N3W0730000001492	1753.1	
6437376	001404	3072N3W0730000001510	271.65	
6437378	001406	3072N3W0730000001705	1486.68	
6437379	001407	3072N3W0730000001711	3144.3	
6437380	001408	3072N3W0730000001831	666.9	
6437381	001409	3072N3W0730000001833	146.82	
6437382	001410	3072N3W0730000001845	199.37	
6437383	001411	3072N3W0730000001847	234.4	
6437384	001412	3072N3W0740000000031	976.19	
6437385	001413	3072N3W0740000000101	577.5	
6437386	001414	3072N3W0750000010010	1287.4	
6437387	001415	3072N3W0750000030070	2323.78	
6437388	001416	3072N3W0750000110020	1545.46	
6437391	001419	3072N3W07600000C0030	2722.25	
6437392	001420	3082N3W0000002210100	78.15	
6437393	001421	3082N3W0000003430100	4251.2	
6437395	001423	3082N3W07700000B0010	39.61	
6437396	001424	3082N3W07700000B0020	62.73	
6437397	001425	3082N3W07800000A0020	209.85	
6437398	001426	3082N3W07800000A0130	1662.19	
6437399	001427	3082N3W07800000A0150	2071.54	
6437400	001428	3082N3W07800000A0160	196.05	
6437402	001430	3082N3W07800000B0130	196.05	
6437403	001431	3082N3W07800000D0120	631.57	
6437404	001432	3082N3W07800000G0050	110.13	
6437405	001433	3082N3W07800000G0070	196.05	
6437406	001434	3082N3W07800000G0080	467.94	
6437407	001435	3082N3W07800000G0170	196.05	
6437408	001436	3082N3W07800000H0120	577.51	
6437409	001437	3082N3W07800000H0170	196.05	
6437410	001438	3082N3W07800000J0010	295.32	
6437411	001439	3082N3W07800000J0060	367.88	
6437412	001440	3082N3W07800000J0120	468.54	
6437413	001441	3082N3W07800000L0010	196.05	
6437414	001442	3082N3W07800000L0030	1611.26	
6437416	001444	3082N3W07800000O0010	486.13	
6437417	001445	3082N3W07800000O0020	1530.21	
6437418	001446	3092N3W06110000B0010	1124.47	
6437420	001448	3092N3W06110000B0140	2409.74	
6437421	001449	3102N3W0783000000420	1153.25	
6437422	001450	3112N3W0000002220300	164.75	
6437423	001451	3112N3W0783000000150	753.48	
6437424	001452	3112N3W0783000000200	1665.27	
6437425	001453	3162N3W0000003220600	1143.15	
6437426	001454	3162N3W0000003230700	1088.62	
6437427	001455	3162N3W0000003320500	2251.67	
6437429	001457	3162N3W0000003320700	131.06	
6437430	001458	3162N3W0000003430400	423.54	
6437431	001459	3162N3W0785000000050	880.22	
6437432	001460	3162N3W0785000000060	353.27	
6437434	001462	3162N3W0785000000360	483.13	
6437435	001463	3162N3W0785000000370	816.95	
6437436	001464	3162N3W0785000000420	440.23	
6437437	001465	3172N3W0000002110100	228.17	
6437438	001466	3172N3W0000003400000	202.69	
6437439	001467	3172N3W0000003440300	72.78	
6437441	001469	3172N3W07900000A0080	1218.21	
6437443	001471	3172N3W07900000B0020	1607.49	
6437444	001472	3172N3W07900000D0060	667.59	
6437445	001473	3172N3W07900000E0150	1667.37	
6437446	001474	3172N3W07900000K0070	1374.84	
6437447	001475	3172N3W07900000K0090	476.06	
6437448	001476	3172N3W07900000K0100	476.06	
6437449	001477	3182N3W0000004140400	69.63	
6437450	001478	3182N3W0000004140600	38.11	
6437451	001479	3182N3W0000004340500	493.95	
6437452	001480	3182N3W0000004440100	1119.16	
6437453	001481	3182N3W0000004440500	64.58	
6437454	001482	3182N3W0000004440600	84.77	
6437455	001483	3182N3W0000004440700	50.89	
6437456	001484	3182N3W0000004441200	54.5	
6437457	001485	3182N3W08000000B0060	125.15	
6437458	001486	3182N3W08000000D0030	125.15	
6437459	001487	3182N3W08000000E0070	571.16	
6437460	001488	3182N3W0800000230040	710.79	
6437461	001489	3182N3W08100000B0030	722.1	
6437462	001490	3182N3W08100000B0040	2026.06	
6437464	001492	3182N3W08200000B0040	204.95	
6437465	001493	3182N3W08300000A0080	716.41	
6437466	001494	3182N3W08300000A0170	1447.25	
6437467	001495	3182N3W08300000A0250	1951.4	
6437468	001496	3182N3W08300000E0010	645.99	
6437469	001497	3182N3W08300000E0120	558.09	
6437470	001498	3182N3W08300000E0180	493.64	
6437471	001499	3182N3W08300000E0260	1449.22	
6437472	001500	3182N3W08300000I0030	62.63	
6437473	001501	3182N3W08300000I0040	62.63	
6437474	001502	3182N3W08300000I0050	62.63	
6437475	001503	3182N3W08300000I0060	62.63	
6437476	001504	3182N3W08300000I0070	62.63	
6437477	001505	3182N3W08300000I0080	62.63	
6437478	001506	3182N3W08300000I0090	62.63	
6437479	001507	3182N3W08300000I0100	62.63	
6437480	001508	3182N3W08300000I0110	62.63	
6437481	001509	3182N3W08300000I0120	62.63	
6437482	001510	3182N3W08300000I0130	62.63	
6437483	001511	3182N3W08300000I0140	62.63	
6437484	001512	3182N3W08300000I0150	62.63	
6437485	001513	3182N3W08300000I0160	62.63	
6437486	001514	3182N3W08300000I0170	62.63	
6437487	001515	3182N3W08300000I0180	62.63	
6437488	001516	3182N3W08300000I0190	62.63	
6437489	001517	3182N3W08300000I0200	62.63	
6437490	001518	3182N3W08300000I0210	62.63	
6437491	001519	3182N3W08300000J0010	62.63	
6437492	001520	3182N3W08300000J0020	62.63	
6437493	001521	3182N3W08300000J0030	62.63	
6437494	001522	3182N3W08300000J0040	62.63	
6437495	001523	3182N3W08300000J0050	62.63	
6437496	001524	3182N3W08300000J0060	62.63	
6437497	001525	3182N3W08300000J0070	62.63	
6437498	001526	3182N3W08300000J0080	62.63	
6437499	001527	3182N3W08300000J0090	62.63	
6437500	001528	3182N3W08300000K0030	62.63	
6437501	001529	3182N3W08300000K0040	62.63	
6437502	001530	3182N3W08300000K0050	62.63	
6437503	001531	3182N3W08300000K0060	62.63	
6437504	001532	3182N3W08300000K0070	62.63	
6437505	001533	3182N3W08300000K0080	62.63	
6437506	001534	3182N3W08300000K0090	62.63	
6437507	001535	3182N3W08300000K0100	62.63	
6437508	001536	3182N3W08300000K0110	62.63	
6437509	001537	3182N3W08300000K0120	62.63	
6437510	001538	3182N3W08300000K0130	62.63	
6437511	001539	3182N3W08300000K0140	62.63	
6437512	001540	3192N3W0000002310700	99.46	
6437513	001541	3192N3W0000002440300	187.66	
6437514	001542	3192N3W0000003110200	351.12	
6437515	001543	3192N3W0000003140500	760.33	
6437517	001545	3192N3W0000003210400	126.04	
6437519	001547	3192N3W0000003220400	767.8	
6437521	001549	3192N3W0000003240600	315.62	
6437522	001550	3202N3W0000001400000	1355.1	
6437523	001551	3202N3W0000004110100	1347.39	
6437524	001552	3212N3W0000001220500	872.2	
6437525	001553	3212N3W0000001310100	239.34	
6437526	001554	3212N3W0000001320200	131.06	
6437527	001555	3212N3W0000001430300	802.53	
6437528	001556	3212N3W0000001430500	728.81	
6437529	001557	3212N3W0000002340000	79.99	
6437530	001558	3212N3W0000002430100	329.79	
6437531	001559	3212N3W0000002430200	328.73	
6437532	001560	3212N3W0000002430400	328.73	
6437534	001562	3212N3W0000004110200	592.63	
6437535	001563	3212N3W0000004111000	437.19	
6437536	001564	3212N3W0000004140100	278.6	
6437537	001565	3212N3W0000004150100	562.72	
6437538	001566	3212N3W15370000A0510	380.76	
6437539	001567	3212N3W15370000A0520	380.76	
6437540	001568	3212N3W15370000A0570	618.47	
6437541	001569	3212N3W15370000C0020	655.07	
6437542	001570	3222N3W0000003211000	119.26	
6437544	001572	3222N3W0000003220300	74.05	
6437545	001573	3222N3W0000003230100	122.39	
6437546	001574	3222N3W0000003230400	157.53	
6437547	001575	3222N3W0000003230500	131.06	
6437548	001576	3222N3W0000003240300	155.72	
6437549	001577	3222N3W0000003310100	119.26	
6437550	001578	3222N3W0000003310400	135.32	
6437551	001579	3222N3W0000003330100	344.76	
6437552	001580	3222N3W0000003420100	753.97	
6437553	001581	3222N3W0000003420200	306.21	
6437555	001583	3222N3W0000003420600	376.73	
6437557	001585	3222N3W0000003430210	488.44	
6437559	001587	3272N3W0000002110900	119.26	
6437560	001588	3272N3W0000002111000	629.2	
6437561	001589	3272N3W0000002140500	1642.2	
6437563	001591	3272N3W0000002430100	41.61	
6437564	001592	3272N3W0000002430200	41.28	
6437565	001593	3272N3W0000002430300	51.79	
6437566	001594	3272N3W0000002430600	35.66	
6437567	001595	3272N3W0000002430900	48.34	
6437568	001596	3272N3W0000002431300	39.09	
6437569	001597	3272N3W0000003230000	49.17	
6437570	001598	3272N3W5820000000050	1072.14	
6437571	001599	3292N3W0000001120800	86.87	
6437572	001600	3292N3W0000001430400	312.27	
6437573	001601	3292N3W0000001431500	111.94	
6437574	001602	3312N3W0000003000500	769.89	
6437575	001603	3312N3W0000003001400	835.61	
6437576	001604	3312N3W0000003001800	449.81	
6437577	001605	3312N3W0000003003300	377.8	
6437578	001606	3332N3W0000002210300	765.92	
6437579	001607	3332N3W0000002340100	1229	
6437581	001609	3332N3W0000003110200	105.89	
6437582	001610	3332N3W0000003131500	377.12	
6437583	001611	3332N3W0000003210300	141.72	
6437584	001612	3332N3W4520000000010	280.12	
6437585	001613	3012N4W0000003430300	572.97	
6437586	001614	3012N4W08500000A0040	95.72	
6437588	001616	3012N4W08600000G0190	1679.22	
6437589	001617	3012N4W08600000N0100	5007.69	
6437590	001618	3012N4W08600000P0050	1414.76	
6437591	001619	3012N4W08600000P0070	274.35	
6437592	001620	3012N4W08600000Q0020	839.86	
6437593	001621	3012N4W08600000Q0060	876.11	
6437594	001622	3012N4W08600000W0120	363.11	
6437595	001623	3012N4W08600000W0160	1038.01	
6437596	001624	3012N4W08600000X0180	1831.04	
6437597	001625	3012N4W08700000O0010	94.14	
6437598	001626	3052N4W0000001130200	124.15	
6437599	001627	3052N4W0000001130400	448.96	
6437600	001628	3052N4W0000001130600	395.9	
6437602	001630	3052N4W0000001330100	703.99	
6437603	001631	3052N4W0000002211100	374.75	
6437604	001632	3052N4W0000002220200	797.34	
6437606	001634	3052N4W0000002310100	473.88	
6437611	001639	3052N4W0000002430200	527.66	
6437612	001640	3052N4W0000002430700	200.28	
6437613	001641	3052N4W0000002430900	261.38	
6437614	001642	3052N4W0000002431800	1068.86	
6437615	001643	3052N4W0000002440200	182.97	
6437616	001644	3052N4W0000004430200	76.14	
6437617	001645	3052N4W0000004440210	35.63	
6437618	001646	3052N4W1557000000040	302.05	
6437620	001648	3052N4W1557000000150	166.83	
6437621	001649	3052N4W1557000000160	371.1	
6437624	001652	3062N4W0000001100300	518.6	
6437625	001653	3062N4W0000001100400	119.26	
6437626	001654	3062N4W0000001410400	2283.33	
6437628	001656	3062N4W0000001421200	492.39	
6437630	001658	3062N4W0000001430800	1595.38	
6437633	001661	3062N4W0000004330200	1509.56	
6437634	001662	3062N4W0000004330400	581.17	
6437635	001663	3062N4W0000004340100	595.71	
6437636	001664	3062N4W0000004420200	562.4	
6437637	001665	3072N4W0000004220600	622.08	
6437638	001666	3082N4W0000002200000	259.22	
6437639	001667	3082N4W0000003200000	222.09	
6437640	001668	3082N4W3119400000030	1049.6	
6437641	001669	3082N4W3119400000050	136.64	
6437642	001670	3082N4W3119400000060	121.76	
6437646	001674	3092N4W0000001420400	44.46	
6437647	001675	3092N4W0000002110200	1123.04	
6437648	001676	3092N4W0000004220100	6755.74	
6437650	001678	3092N4W0000004410100	1266.69	
6437651	001679	3092N4W0000004410200	1069.38	
6437652	001680	3102N4W0000002120600	445.7	
6437653	001681	3102N4W0000002230300	284.38	
6437654	001682	3102N4W0000003220800	1117.07	
6437657	001685	3112N4W0000001330400	1410.33	
6437658	001686	3112N4W0000001340200	1632.27	
6437659	001687	3112N4W0000001340800	3347.39	
6437662	001690	3112N4W0000001430500	2790.68	
6437663	001691	3112N4W0000001430800	3815.15	
6437664	001692	3112N4W0000001440800	2406.38	
6437665	001693	3112N4W0000001440900	2040.36	
6437666	001694	3112N4W0000002410200	546.92	
6437667	001695	3112N4W0000002420500	1313.06	
6437668	001696	3112N4W0000002430100	252.73	
6437670	001698	3112N4W0000003240400	47443.74	
6437671	001699	3112N4W0000003240500	18025.17	
6437672	001700	3112N4W0000003400400	2001.1	
6437674	001702	3112N4W0000004340100	58.1	
6437675	001703	3112N4W0000004340200	193.66	
6437676	001704	3112N4W0000004410200	87.46	
6437677	001705	3112N4W0000004410300	139.29	
6437678	001706	3112N4W0000004420700	1232.79	
6437679	001707	3112N4W0000004430100	599.46	
6437680	001708	3112N4W0000004430700	1262.86	
6437681	001709	3112N4W0000004431200	892.2	
6437683	001711	3112N4W0000004431800	642.93	
6437684	001712	3112N4W0000004440200	1033.12	
6437685	001713	3112N4W0000004440300	2107.35	
6437686	001714	3112N4W0000004440500	1435.45	
6437687	001715	3112N4W0000004440700	4235.91	
6437688	001716	3112N4W0000004441000	127.36	
6437689	001717	3112N4W0000004441100	2821.73	
6437690	001718	3112N4W0000004441800	267.93	
6437691	001719	3112N4W0000004442200	928.87	
6437692	001720	3112N4W08900000A0090	671.73	
6437693	001721	3112N4W09000000A0020	3136.75	
6437694	001722	3112N4W09100000A0080	371.89	
6437696	001724	3112N4W09200000B0030	1873.69	
6437697	001725	3112N4W0930000000110	262.53	
6437698	001726	3112N4W09400000A0010	970.73	
6437701	001729	3112N4W09600000A0020	1982.49	
6437702	001730	3112N4W09600000A0060	2604.9	
6437703	001731	3112N4W09600000D0022	237.22	
6437704	001732	3112N4W09600000F0040	4146.87	
6437705	001733	3112N4W09600000F0050	912.46	
6437706	001734	3112N4W09600000K0040	1343.63	
6437707	001735	3112N4W09600000L0010	517.59	
6437708	001736	3112N4W09600000L0040	506.92	
6437709	001737	3112N4W09600000M0010	1278.5	
6437710	001738	3112N4W09600000O0040	289.76	
6437711	001739	3122N4W0000001130300	1116.82	
6437712	001740	3122N4W0000001131100	2267.19	
6437714	001742	3122N4W0000001230200	2261.43	
6437716	001744	3122N4W0000001240400	858.74	
6437717	001745	3122N4W0000001311100	620.47	
6437721	001749	3122N4W0000001332000	107.62	
6437722	001750	3122N4W0000001332100	597.8	
6437723	001751	3122N4W0000001340400	262.53	
6437724	001752	3122N4W0000001340800	262.53	
6437725	001753	3122N4W0000001340900	262.53	
6437727	001755	3122N4W0000001341400	879.67	
6437728	001756	3122N4W0000001341900	262.53	
6437729	001757	3122N4W0000001342000	1223.32	
6437730	001758	3122N4W0000001343000	863.62	
6437731	001759	3122N4W0000001410300	337.73	
6437732	001760	3122N4W0000001410400	1904.84	
6437733	001761	3122N4W0000001420500	879.96	
6437734	001762	3122N4W0000001421400	1033.02	
6437735	001763	3122N4W0000001421500	865.33	
6437736	001764	3122N4W0000001430800	1414.7	
6437737	001765	3122N4W0000001432100	446.36	
6437738	001766	3122N4W0000001440600	823.2	
6437739	001767	3122N4W0000001441900	127.92	
6437740	001768	3122N4W0000002140900	789.06	
6437741	001769	3122N4W0000002310100	1008.98	
6437742	001770	3122N4W0000003110800	757.88	
6437743	001771	3122N4W0000003111200	262.53	
6437744	001772	3122N4W0000003111300	262.53	
6437745	001773	3122N4W0000003111600	94.52	
6437746	001774	3122N4W0000003111800	287.4	
6437748	001776	3122N4W0000003112400	951.79	
6437749	001777	3122N4W0000003112500	262.53	
6437750	001778	3122N4W0000003112601	48.03	
6437751	001779	3122N4W0000003113400	78.12	
6437753	001781	3122N4W0000003130400	75.78	
6437755	001783	3122N4W0000003130900	127.36	
6437756	001784	3122N4W0000003131200	238.52	
6437757	001785	3122N4W0000003131300	498.8	
6437758	001786	3122N4W0000003131500	436.84	
6437759	001787	3122N4W0000003132100	668.52	
6437760	001788	3122N4W0000003231100	1868.85	
6437761	001789	3122N4W0000003231800	675.5	
6437763	001791	3122N4W0000003232600	230.52	
6437764	001792	3122N4W0000003233500	1938.36	
6437765	001793	3122N4W0000003420800	784.64	
6437766	001794	3122N4W0000003440100	345.47	
6437768	001796	3122N4W0000003440500	266.17	
6437769	001797	3122N4W0000004110100	891.33	
6437771	001799	3122N4W0000004111500	143.36	
6437772	001800	3122N4W0000004111600	71.87	
6437773	001801	3122N4W0000004111900	48.03	
6437774	001802	3122N4W0000004211000	770.46	
6437775	001803	3122N4W0000004220700	83.8	
6437776	001804	3122N4W0000004220900	2212.8	
6437778	001806	3122N4W0000004230400	903.96	
6437779	001807	3122N4W0000004230700	616.99	
6437780	001808	3122N4W0000004320200	221.88	
6437782	001810	3122N4W0000004321200	654.16	
6437783	001811	3122N4W0000004321600	374.86	
6437784	001812	3122N4W0000004321700	865.98	
6437785	001813	3122N4W0000004321900	966.62	
6437786	001814	3122N4W0000004330300	746.02	
6437787	001815	3122N4W0000004330900	784.35	
6437788	001816	3122N4W0000004331400	890.26	
6437789	001817	3122N4W0000004410500	143.36	
6437790	001818	3122N4W0000004410600	262.53	
6437791	001819	3122N4W0000004430200	2669.4	
6437792	001820	3122N4W0000004440400	167.2	
6437793	001821	3122N4W0000004441400	317.92	
6437794	001822	3122N4W0000004441800	317.92	
6437795	001823	3122N4W0000004442200	446.22	
6437796	001824	3122N4W08600000A0020	3049.06	
6437797	001825	3122N4W08600000A0030	1023.71	
6437799	001827	3122N4W0960000OR0010	880.45	
6437800	001828	3122N4W09700000C0060	652.95	
6437802	001830	3122N4W09800000B0010	893.46	
6437803	001831	3122N4W09800000C0090	419.98	
6437804	001832	3122N4W09800000C0130	393.53	
6437805	001833	3122N4W09800000D0010	230.52	
6437806	001834	3122N4W09800000D0170	1685.09	
6437807	001835	3122N4W09800000E0090	505.14	
6437808	001836	3122N4W09800000F0110	230.52	
6437809	001837	3122N4W09800000G0060	392.94	
6437810	001838	3122N4W09800000K0090	198.18	
6437811	001839	3122N4W09800000K0120	747.47	
6437812	001840	3122N4W09800000L0040	254.38	
6437813	001841	3122N4W09800000L0050	4177.04	
6437814	001842	3122N4W09800000M0130	383.67	
6437815	001843	3122N4W09800000N0010	647.18	
6437817	001845	3122N4W09800000N0080	276.97	
6437819	001847	3122N4W09800000N0130	942.56	
6437820	001848	3122N4W09800000O0070	1134.99	
6437821	001849	3122N4W1000000000010	937.54	
6437822	001850	3122N4W1000000000110	639.72	
6437825	001853	3122N4W10100000H0010	1775.44	
6437826	001854	3122N4W1020000000112	2661.63	
6437827	001855	3122N4W10300000A0080	1231.95	
6437828	001856	3122N4W10300000A0110	106.79	
6437829	001857	3122N4W10300000A0120	111.49	
6437830	001858	3122N4W10300000B0060	1176.64	
6437831	001859	3122N4W10300000D0160	1332.98	
6437832	001860	3122N4W10300000E0010	856.63	
6437833	001861	3122N4W10300000E0080	658.75	
6437834	001862	3122N4W1050000010010	409.93	
6437835	001863	3122N4W1050000020021	656.15	
6437836	001864	3122N4W1050000020060	262.53	
6437838	001866	3122N4W1050000040020	167.2	
6437839	001867	3122N4W1050000040050	330.64	
6437840	001868	3122N4W1050000040090	167.2	
6437842	001870	3122N4W1050000060040	426.47	
6437844	001872	3122N4W1060000010011	1541.84	
6437845	001873	3122N4W1060000020050	1073.55	
6437846	001874	3122N4W1060000020080	230.52	
6437847	001875	3122N4W1060000030090	488.81	
6437848	001876	3122N4W1060000040120	1087.38	
6437849	001877	3122N4W1060000050060	1277.25	
6437850	001878	3122N4W1060000050161	155.45	
6437851	001879	3122N4W1070000010090	704.09	
6437852	001880	3122N4W1070000020160	284.55	
6437854	001882	3122N4W1080000020010	7407.56	
6437855	001883	3122N4W1080000020020	2085.35	
6437856	001884	3122N4W1080000020050	1395.86	
6437857	001885	3122N4W1090000020010	1338.43	
6437859	001887	3122N4W1090000040011	371.37	
6437860	001888	3122N4W1090000050010	59.95	
6437861	001889	3122N4W1090000050020	59.95	
6437862	001890	3122N4W1090000060030	626.74	
6437863	001891	3122N4W1090000070070	767.55	
6437867	001895	3122N4W1090000100010	1661.35	
6437868	001896	3122N4W1090000100030	83.8	
6437869	001897	3122N4W1090000120020	262.53	
6437870	001898	3122N4W1090000120030	1116.54	
6437871	001899	3122N4W1090000130041	1602.48	
6437872	001900	3122N4W1090000130060	48.03	
6437873	001901	3122N4W1090000140050	1831.13	
6437874	001902	3122N4W1090000140070	580.05	
6437875	001903	3122N4W1090000160010	394.23	
6437877	001905	3122N4W1090000170020	262.53	
6437878	001906	3122N4W1090000180070	268.35	
6437879	001907	3122N4W1090000220010	994.87	
6437880	001908	3122N4W1090000220080	262.53	
6437881	001909	3122N4W1090000240030	1449.04	
6437882	001910	3122N4W1090000250020	726.91	
6437883	001911	3122N4W1090000260020	660.59	
6437884	001912	3122N4W1090000350012	262.53	
6437885	001913	3122N4W11000000A0070	942.57	
6437886	001914	3122N4W11000000B0080	998.63	
6437887	001915	3122N4W11000000B0110	723.18	
6437889	001917	3122N4W11000000B0170	245.5	
6437890	001918	3122N4W1110000010030	520.47	
6437891	001919	3122N4W1110000020040	214.87	
6437893	001921	3122N4W1110000050030	1244.61	
6437896	001924	3132N4W0000001220900	643.37	
6437897	001925	3132N4W0000002110700	531.29	
6437898	001926	3132N4W0000002120300	2171.08	
6437899	001927	3132N4W0000002311300	666.51	
6437901	001929	3132N4W0000003310700	983.58	
6437902	001930	3142N4W0000001111300	385.18	
6437906	001934	3142N4W0000001123100	588.05	
6437907	001935	3142N4W0000001123600	303.89	
6437908	001936	3142N4W0000001124000	303.89	
6437909	001937	3142N4W0000001130100	812.01	
6437910	001938	3142N4W0000001130300	481.7	
6437911	001939	3142N4W0000001130700	303.89	
6437912	001940	3142N4W0000001210100	1193.99	
6437913	001941	3142N4W0000001230300	583.56	
6437914	001942	3142N4W0000001240700	1601.71	
6437916	001944	3142N4W0000002210100	344.33	
6437917	001945	3142N4W0000002240600	1802.33	
6437918	001946	3142N4W0000002240800	111.52	
6437919	001947	3142N4W0000002313000	57.87	
6437920	001948	3142N4W0000002341100	151.92	
6437922	001950	3142N4W11510000A0060	591.21	
6437923	001951	3142N4W11550000A0090	669.75	
6437925	001953	3142N4W11550000B0110	612.42	
6437926	001954	3142N4W11550000B0130	497.82	
6437927	001955	3142N4W11550000B0140	648.92	
6437928	001956	3142N4W1160000000090	327.46	
6437929	001957	3142N4W1160000000100	382.3	
6437931	001959	3142N4W15270000C0200	414.62	
6437933	001961	3152N4W0000001321100	173.44	
6437935	001963	3152N4W0000001330100	490.79	
6437936	001964	3152N4W0000001330400	106.44	
6437937	001965	3152N4W0000001330500	322.31	
6437938	001966	3152N4W0000002410600	136.97	
6437939	001967	3152N4W0000002412000	571.32	
6437940	001968	3152N4W0000002440600	173.44	
6437941	001969	3152N4W0000003101100	167.94	
6437942	001970	3152N4W0000003101500	347.34	
6437943	001971	3152N4W0000003101800	645.39	
6437944	001972	3152N4W0000003102600	341.38	
6437945	001973	3152N4W0000004210600	214.95	
6437947	001975	3152N4W0000004211100	136.97	
6437948	001976	3152N4W0000004211600	142.34	
6437950	001978	3152N4W0000004212100	136.97	
6437951	001979	3152N4W0000004230800	319.83	
6437952	001980	3152N4W0000004231300	171.35	
6437954	001982	3152N4W0000004240300	1005.93	
6437955	001983	3152N4W09110000A0010	51.49	
6437956	001984	3152N4W09110000A0020	346.55	
6437957	001985	3152N4W09110000A0200	66.99	
6437959	001987	3152N4W09110000B0100	562.83	
6437960	001988	3152N4W09110000C0000	39.88	
6437961	001989	3152N4W09110000D0110	39.88	
6437963	001991	3182N4W0000003140100	1033.93	
6437964	001992	3192N4W3112200000020	1627.06	
6437965	001993	3202N4W0000001100000	312.02	
6437966	001994	3202N4W0000001200000	2778.43	
6437967	001995	3212N4W0000002120100	337.14	
6437968	001996	3212N4W0000002200000	100.66	
6437969	001997	3212N4W0000002230100	97.37	
6437970	001998	3212N4W0000002340000	839.45	
6437971	001999	3212N4W0000003240100	80.35	
6437972	002000	3212N4W0000003420100	76.82	
6437973	002001	3212N4W0000003440100	51.81	
6437974	002002	3212N4W0000004230000	5112.99	
6437975	002003	3232N4W0000001110300	180.88	
6437976	002004	3232N4W0000004110200	381.45	
6437977	002005	3232N4W0000004210300	1547.19	
6437979	002007	3232N4W0000004210800	1264.21	
6437980	002008	3232N4W0000004211000	212.66	
6437981	002009	3242N4W0000001110200	1788.98	
6437982	002010	3242N4W0000002120500	656.8	
6437984	002012	3242N4W0000002130700	401.78	
6437985	002013	3242N4W0000002130800	1759.5	
6437986	002014	3242N4W0000002131000	952.21	
6437987	002015	3242N4W6820000000030	5764.22	
6437988	002016	3252N4W0000001120400	167.82	
6437990	002018	3252N4W0000001130200	337.55	
6437992	002020	3272N4W0000003200000	4425.11	
6437994	002022	3302N4W0000002120600	970.5	
6437995	002023	3302N4W0000004100000	556.97	
6437997	002025	3352N4W0000001140100	760.2	
6437998	002026	3362N4W0000002110600	102.55	
6437999	002027	3362N4W0000002130500	328.34	
6438000	002028	3362N4W0000002140400	435.34	
6438001	002029	3362N4W0000002220100	8334.02	
6438002	002030	3362N4W0000002240500	730.16	
6438003	002031	3362N4W0000002240700	398.67	
6438004	002032	3362N4W0000002240900	1199.32	
6438005	002033	3362N4W0000002241500	219.35	
6438006	002034	3362N4W0000002420100	803.86	
6438007	002035	3012N5W0000004300100	87.65	
6438009	002037	3022N5W0000004400500	4500.19	
6438010	002038	3032N5W0000003200000	2524.29	
6438011	002039	3042N5W0000001410000	833.34	
6438012	002040	3042N5W0000002100000	185.57	
6438013	002041	3042N5W0000004110000	1880.52	
6438014	002042	3042N5W0000004120100	561.72	
6438015	002043	3042N5W0000004120200	897.86	
6438016	002044	3052N5W0000001100000	1456.16	
6438017	002045	3052N5W0000003420100	87.02	
6438018	002046	3052N5W0000003420400	87.02	
6438019	002047	3052N5W0000004140100	850.74	
6438020	002048	3052N5W0000004140200	446.56	
6438023	002051	3062N5W0000001420100	288.54	
6438024	002052	3082N5W0000003320200	591.4	
6438026	002054	3122N5W0000001120100	1425.55	
6438027	002055	3122N5W0000001120500	110.36	
6438028	002056	3122N5W0000001230100	1004.88	
6438030	002058	3132N5W0000004330100	841.64	
6438031	002059	3132N5W0000004330300	70.25	
6438032	002060	3132N5W0000004330400	208.82	
6438033	002061	3142N5W0000003130300	1157.85	
6438034	002062	3142N5W0000003131200	640.51	
6438035	002063	3152N5W0000002000000	6939.96	
6438036	002064	3152N5W0000004230100	676.97	
6438037	002065	3162N5W0000001330400	1403.9	
6438038	002066	3162N5W0000002140800	847.21	
6438039	002067	3162N5W0000002301100	680.38	
6438040	002068	3162N5W0000002301300	156.11	
6438041	002069	3162N5W0000002330200	222.05	
6438042	002070	3162N5W0000002330700	355.35	
6438043	002071	3162N5W0000002340100	2740.49	
6438045	002073	3162N5W0000003310300	1574.31	
6438047	002075	3162N5W1180000410010	477.74	
6438048	002076	3162N5W1180000880050	592.1	
6438049	002077	3162N5W1180000970040	330.22	
6438050	002078	3162N5W1180000980040	401.03	
6438053	002081	3162N5W1190000060040	1014.71	
6438054	002082	3162N5W1558000000040	422.52	
6438056	002084	3172N5W2103000000010	783.97	
6438057	002085	3182N5W0000001210200	468.03	
6438058	002086	3182N5W0000001410100	41.52	
6438059	002087	3182N5W0000001410200	145.23	
6438060	002088	3182N5W0000004420200	91.41	
6438065	002093	3222N5W0000002210200	1273.56	
6438068	002096	3242N5W0000001130200	483.15	
6438069	002097	3242N5W0000001131200	130.9	
6438070	002098	3242N5W0000001200800	466.71	
6438071	002099	3242N5W0000001201300	1393.74	
6438073	002101	3242N5W0000001310200	104.81	
6438074	002102	3242N5W0000001310300	448.98	
6438075	002103	3242N5W0000001310600	796.89	
6438076	002104	3242N5W0000001330500	189	
6438078	002106	3242N5W0000001400400	132.07	
6438079	002107	3242N5W0000001400600	643.33	
6438080	002108	3242N5W0000002200300	1388.3	
6438081	002109	3242N5W0000003240100	204.36	
6438082	002110	3242N5W0000003400000	988.38	
6438083	002111	3242N5W0000004200200	597.27	
6438084	002112	3252N5W0000001220500	454.23	
6438086	002114	3252N5W1512000000020	384.5	
6438087	002115	3262N5W0000001200100	971.05	
6438088	002116	3262N5W0000002441100	1411.49	
6438089	002117	3262N5W0000002441200	768.6	
6438090	002118	3262N5W0000003120700	97.24	
6438091	002119	3262N5W0000003130200	439.57	
6438092	002120	3262N5W0000003130800	170.21	
6438094	002122	3262N5W0000003310300	1308.59	
6438096	002124	3262N5W0000003340100	243.67	
6438097	002125	3262N5W0000003340500	1084.63	
6438098	002126	3262N5W0000004110200	1120.19	
6438099	002127	3262N5W0000004221100	165.13	
6438102	002130	3262N5W0000004320900	118.22	
6438103	002131	3262N5W0000004330100	36.43	
6438105	002133	3262N5W11910000A0010	877.25	
6438106	002134	3262N5W11910000A0040	109.85	
6438109	002137	3262N5W11910000A0090	466.2	
6438110	002138	3262N5W11910000A0110	282.57	
6438111	002139	3262N5W11910000B0050	506.4	
6438112	002140	3302N5W0000003120100	289.04	
6438113	002141	3302N5W0000004430300	473.4	
6438114	002142	3312N5W0000002220000	875.91	
6438115	002143	3312N5W0000002410800	711.35	
6438116	002144	3312N5W0000002413500	192.08	
6438117	002145	3312N5W0000003120500	41.85	
6438118	002146	3312N5W0000003120900	244.43	
6438119	002147	3312N5W0000003121000	220.33	
6438120	002148	3312N5W0000003130300	388.65	
6438121	002149	3322N5W0000004402000	294.44	
6438122	002150	3322N5W0000004403000	204.36	
6438123	002151	3332N5W0000001220000	4641.27	
6438124	002152	3332N5W0000003212000	3487.61	
6438125	002153	3332N5W0000003212100	523.05	
6438127	002155	3332N5W0000004120500	632.57	
6438128	002156	3332N5W0000004420100	114.29	
6438129	002157	3332N5W0000004420200	817.74	
6438130	002158	3332N5W0000004420300	232.49	
6438131	002159	3332N5W0000004420500	189.93	
6438132	002160	3332N5W0000004420600	114.29	
6438133	002161	3342N5W0000003440100	147.61	
6438134	002162	3342N5W0000003440200	653.61	
6438135	002163	3342N5W0000003440300	153.9	
6438136	002164	3342N5W0000003440400	421.03	
6438137	002165	3342N5W0000004300100	234388.56	
6438140	002168	3022N6W0000004100200	112.85	
6438141	002169	3022N6W0000004240000	75.61	
6438142	002170	3042N6W0000002410000	523.86	
6438143	002171	3042N6W0000002430100	311.51	
6438144	002172	3042N6W0000003210100	114.29	
6438145	002173	3042N6W0000003240100	74.45	
6438146	002174	3042N6W0000003240200	390.2	
6438147	002175	3062N6W0000002430100	2029.33	
6438148	002176	3092N6W0000001210500	115.16	
6438149	002177	3102N6W0000003110300	1431.7	
6438150	002178	3102N6W0000004220200	114.29	
6438152	002180	3112N6W0000004340100	1111.59	
6438153	002181	3122N6W0000003230200	416.87	
6438154	002182	3122N6W0000003300100	322.7	
6438155	002183	3122N6W0000004210100	829.57	
6438156	002184	3132N6W3850000000010	114.29	
6438157	002185	3132N6W3850000000020	628.09	
6438158	002186	3132N6W3850000000030	114.29	
6438159	002187	3132N6W3870000000030	126.1	
6438160	002188	3152N6W0000001240200	440.2	
6438161	002189	3152N6W0000001240500	1533.27	
6438162	002190	3152N6W0000002200000	2528.23	
6438165	002193	3212N6W0000004000000	9141.87	
6438166	002194	3222N6W0000002230200	780.37	
6438167	002195	3262N6W0000001211500	320.01	
6438168	002196	3262N6W0000001240200	595.95	
6438170	002198	3272N6W0000001130200	451.06	
6438171	002199	3272N6W0000001130300	5897.22	
6438173	002201	3352N6W0000004110100	583.87	
6438174	002202	3352N6W0000004110500	362.44	
6438175	002203	3362N6W0000001140200	278.87	
6438176	002204	3362N6W0000002440200	959.54	
6438177	002205	3362N6W0000003210100	1346.23	
6438178	002206	3362N6W0000003220100	258.59	
6438179	002207	3362N6W0000003420100	875.91	
6438182	002210	4041N2W1200000000060	434.14	
6438183	002211	4041N2W1200000000280	1408.64	
6438184	002212	4051N2W0000001300100	237.68	
6438185	002213	4051N2W0000001300700	3796.35	
6438186	002214	4051N2W0000001320000	1009.43	
6438187	002215	4061N2W15380000A0010	399.35	
6438188	002216	4061N2W15380000A0170	1774.94	
6438189	002217	4061N2W15380000A0420	1278.32	
6438190	002218	4061N2W15380000C0180	1675.82	
6438191	002219	4061N2W15380000E0280	3238.48	
6438192	002220	4061N2W15380000G0120	4693.33	
6438193	002221	4061N2W15380000G0160	399.35	
6438194	002222	4061N2W15380000H0090	4049.86	
6438195	002223	4061N2W15380000I0320	399.35	
6438196	002224	4061N2W15380000M0120	399.35	
6438197	002225	4061N2W15380000M0160	300.39	
6438199	002227	4061N2W15430000C0050	399.35	
6438200	002228	4061N2W15430000D0090	560.21	
6438201	002229	4061N2W15430000D0140	399.35	
6438202	002230	4061N2W15430000D0160	1786.71	
6438203	002231	4061N2W15430000I0020	399.35	
6438204	002232	4061N2W15430000I0030	399.35	
6438205	002233	4061N2W15430000I0300	4333.69	
6438206	002234	4061N2W15430000I0320	646.19	
6438207	002235	4061N2W15430000I0330	646.19	
6438208	002236	4061N2W15430000J0060	399.35	
6438209	002237	4071N2W0000001140100	152.88	
6438210	002238	4071N2W0000001140300	395.26	
6438211	002239	4071N2W0000001140810	98.22	
6438212	002240	4071N2W0000001200000	820.68	
6438213	002241	4071N2W0000001200100	592.29	
6438214	002242	4071N2W0000001202200	1068.3	
6438215	002243	4071N2W0000001412000	769.15	
6438216	002244	4071N2W0000001420100	574.77	
6438217	002245	4071N2W0000001420300	1363.28	
6438218	002246	4071N2W0000001420800	1385.35	
6438219	002247	4071N2W0000001440200	200.44	
6438220	002248	4071N2W0000004100100	552.9	
6438221	002249	4071N2W0000004230600	268.17	
6438222	002250	4071N2W0000004310500	89.42	
6438223	002251	4071N2W0000004310600	556.01	
6438224	002252	4071N2W0000004320100	1574.68	
6438225	002253	4071N2W0000004330800	137.84	
6438226	002254	4071N2W0000004330900	119.35	
6438227	002255	4071N2W15300000A0050	1698.42	
6438228	002256	4071N2W15300000A0060	771.24	
6438229	002257	4071N2W1531000000001	271.42	
6438230	002258	4071N2W15310000B0050	1514.45	
6438231	002259	4081N2W0000001310800	955.94	
6438233	002261	4081N2W0000002240000	760.47	
6438234	002262	4081N2W0000002320300	149.34	
6438235	002263	4081N2W0000002320400	134.43	
6438236	002264	4081N2W0000002323000	134.75	
6438237	002265	4081N2W0000002324500	122.51	
6438238	002266	4081N2W0000002341100	4846.39	
6438239	002267	4081N2W0000002422500	443.78	
6438240	002268	4081N2W0000002440100	334.75	
6438241	002269	4081N2W0000003140300	172.25	
6438242	002270	4081N2W0000003140700	597.51	
6438243	002271	4081N2W1220000010020	1491.11	
6438244	002272	4081N2W1220000020011	262.43	
6438245	002273	4081N2W1220000020030	1469.97	
6438246	002274	4091N2W0000001420500	788.91	
6438247	002275	4091N2W0000002230000	292.21	
6438248	002276	4091N2W0000002231000	185.02	
6438249	002277	4091N2W0000002240000	905.35	
6438250	002278	4091N2W0000002321400	292.21	
6438252	002280	4091N2W0000002323100	292.21	
6438253	002281	4091N2W0000002323200	292.21	
6438254	002282	4091N2W0000002323300	185.02	
6438255	002283	4091N2W0000002323400	185.02	
6438256	002284	4091N2W0000002323800	292.21	
6438257	002285	4091N2W0000002324100	185.02	
6438258	002286	4091N2W0000002324200	185.02	
6438259	002287	4091N2W0000002324300	158.21	
6438260	002288	4091N2W0000002324400	158.21	
6438261	002289	4091N2W0000002326200	292.21	
6438262	002290	4091N2W0000002326600	416.71	
6438264	002292	4091N2W0000003120300	600.11	
6438265	002293	4091N2W0000003120500	34.41	
6438266	002294	4091N2W0000003220100	146.18	
6438267	002295	4091N2W0000004210400	1063.48	
6438268	002296	4091N2W0000004220200	341.24	
6438269	002297	4091N2W0000004221000	201.36	
6438270	002298	4091N2W0000004222300	494.82	
6438272	002300	4091N2W0000004230700	567.48	
6438274	002302	4091N2W1230000000171	157.96	
6438275	002303	4091N2W1230000000193	2387.03	
6438276	002304	4101N2W0000003340200	24297.5	
6438277	002305	4101N2W0000004400100	831.84	
6438278	002306	4101N2W15140000C0350	16465.34	
6438279	002307	4101N2W15140000C0410	68171.56	
6438280	002308	4151N2W0000001400200	1730.31	
6438281	002309	4151N2W0000002100000	3242.96	
6438282	002310	4151N2W0000003100100	1896.36	
6438283	002311	4151N2W0000004300000	470.51	
6438284	002312	4161N2W0000002410800	275.43	
6438288	002316	4161N2W0000002440200	1133.94	
6438293	002321	4171N2W0000001210400	42.03	
6438294	002322	4171N2W0000001220300	186.42	
6438295	002323	4171N2W0000001320100	812.88	
6438296	002324	4171N2W0000001340200	211.23	
6438297	002325	4171N2W0000002120400	653.58	
6438298	002326	4171N2W0000002120800	252.75	
6438299	002327	4181N2W0000001230100	904.29	
6438300	002328	4181N2W0000002120100	418.82	
6438301	002329	4181N2W0000002140200	714.12	
6438302	002330	4181N2W0000002410500	514.52	
6438303	002331	4181N2W0000002410600	3599.09	
6438304	002332	4181N2W0000002440100	1055.96	
6438305	002333	4181N2W0000002440900	604.59	
6438306	002334	4181N2W1528000000030	556.8	
6438307	002335	4181N2W1528000000060	818.6	
6438309	002337	4181N2W1528000000150	233.72	
6438310	002338	4181N2W1528000000180	233.72	
6438311	002339	4181N2W1528000000200	233.72	
6438312	002340	4181N2W1528000000220	1212.5	
6438313	002341	4181N2W1528000000230	950.97	
6438314	002342	4181N2W1528000000330	233.72	
6438315	002343	4181N2W1528000000370	1547.9	
6438316	002344	4111N3W0000004440300	454.69	
6438317	002345	4121N3W0000002200820	200.44	
6438318	002346	4121N3W0000003110500	1822.91	
6438319	002347	4121N3W0000003112100	706.47	
6438320	002348	4121N3W0000003220100	452.55	
6438322	002350	4121N3W0000003330400	212.66	
6438323	002351	4121N3W0000004210100	618.44	
6438324	002352	4121N3W0000004230600	1259.98	
6438326	002354	4121N3W0000004231000	1950.83	
6438328	002356	4121N3W12350000A0070	161.22	
6438329	002357	4121N3W12350000B0070	96.62	
6438330	002358	4121N3W12350000C0050	183.86	
6438332	002360	4121N3W15100000A0030	771.27	
6438333	002361	4121N3W15100000A0060	2165.09	
6438334	002362	4121N3W15100000A0070	2149.42	
6438335	002363	4121N3W15100000A0210	1716.71	
6438336	002364	4121N3W15100000A0230	420.02	
6438337	002365	4121N3W15100000A0310	297.85	
6438338	002366	4121N3W15100000A0330	233.72	
6438340	002368	4121N3W15100000A0480	830.57	
6438342	002370	4121N3W15100000B0070	240.71	
6438343	002371	4121N3W15100000D0020	867.08	
6438344	002372	4121N3W15100000D0100	286.54	
6438346	002374	4121N3W15100000D0200	286.62	
6438347	002375	4121N3W15350000C0040	67.86	
6438348	002376	4121N3W15350000C0050	67.86	
6438351	002379	4131N3W0000001120500	54.32	
6438352	002380	4131N3W0000001120600	38.63	
6438353	002381	4131N3W0000001120700	157.52	
6438354	002382	4131N3W0000001120900	638.66	
6438355	002383	4131N3W0000001121200	130.69	
6438356	002384	4131N3W0000001130500	844.5	
6438357	002385	4131N3W0000001130600	426.72	
6438358	002386	4131N3W0000001130900	950.33	
6438359	002387	4131N3W0000001210100	429.62	
6438362	002390	4141N3W0000001220200	159.16	
6438363	002391	4231N4W0000003400200	1513.8	
6438364	002392	4231N4W0000004330300	230.93	
6438365	002393	4231N4W1500000000090	212.22	
6438366	002394	4231N4W1500000000100	212.22	
6438369	002397	4231N4W1500000000300	341.44	
6438371	002399	4231N4W1500000000340	266.17	
6438372	002400	4251N4W0000002140100	453.32	
6438374	002402	4251N4W0000002440200	434.87	
6438375	002403	4261N4W0000002131100	374.73	
6438376	002404	4261N4W0000002131800	192.57	
6438377	002405	4261N4W0000002132100	568.1	
6438379	002407	4261N4W0000002134200	148.79	
6438380	002408	4321N4W3140000000090	291.02	
6438382	002410	4341N4W0000002212900	342.83	
6438385	002413	4351N4W0000003140300	766.25	
6438386	002414	4351N4W0000003430100	2634.6	
6438387	002415	4351N4W0000003431000	789.45	
6438388	002416	4351N4W0000003441400	830.27	
6438389	002417	4351N4W0000004230100	315.13	
6438390	002418	4351N4W0000004331400	477.01	
6438392	002420	4021N5W0000001140400	245.52	
6438393	002421	4021N5W0000001140600	200.38	
6438394	002422	4021N5W0000001140800	521.66	
6438395	002423	4031N5W0000002110100	245.52	
6438396	002424	4041N5W0000002210100	376.42	
6438398	002426	50L0R0S0000103000200	15117.46	
6438399	002427	50L0R0S0000141000300	267.42	
6438400	002428	50L0R0S0000141002000	208.67	
6438401	002429	50L0R0S0000163002600	662.36	
6438402	002430	50L0R0S0000163002700	410.36	
6438403	002431	50L0R0S0000163002800	702	
6438404	002432	50L0R0S0000242000100	577.34	
6438405	002433	50L0R0S0000251000700	109.71	
6438406	002434	50L0R0S0000251002000	276.9	
6438407	002435	50L0R0S0000252000100	643.23	
6438408	002436	50L0R0S0000252000500	501.75	
6438409	002437	50L0R0S0000254000200	783.63	
6438410	002438	50L0R0S0000274000200	825.07	
6438411	002439	50L0R0S0000274002700	159.52	
6438412	002440	50L0R0S0000274021600	1016.43	
6438414	002442	50L0R0S0000274021900	536.23	
6438415	002443	50L0R0S0000383000600	507.34	
6438418	002446	50L0R0S0000644000100	2306.02	
6438424	002452	50L0R0S0000712001000	560.11	
6438425	002453	50L0R0S0000733001200	395.39	
6438426	002454	50L0R0S0000733001500	321.55	
6438427	002455	50L0R0S0000763000400	463.13	
6438428	002456	50L0R0S0000764000100	5192.57	
6438429	002457	50L0R0S0000764000500	3232.08	
6438430	002458	50L0R0S0000764000700	1396.83	
6438431	002459	50L0R0S0000764000800	1193.19	
6438432	002460	50L0R0S0000764004500	1574.45	
6438433	002461	50L0R0S0000764010900	4982.08	
6438434	002462	50L0R0S0000764012200	97.27	
6438436	002464	50L0R0S0000764200000	1574.47	
6438437	002465	50L0R0S0000764240100	170.99	
6438438	002466	50L0R0S0000764240200	173.31	
6438439	002467	50L0R0S0000764240300	194.5	
6438440	002468	50L0R0S12800000A0210	100.99	
6438441	002469	50L0R0S12800000A0220	177.76	
6438442	002470	50L0R0S12800000B0020	102.55	
6438443	002471	50L0R0S12800000B0030	100.99	
6438445	002473	50L0R0S12800000C0030	331.3	
6438446	002474	50L0R0S12800000C0160	100.99	
6438447	002475	50L0R0S12800000D0040	530.97	
6438448	002476	50L0R0S12800000E0010	528.51	
6438449	002477	50L0R0S12800000E0040	100.99	
6438450	002478	50L0R0S12800000E0060	179.9	
6438451	002479	50L0R0S12800000E0090	100.99	
6438452	002480	50L0R0S12800000G0010	830.32	
6438453	002481	50L0R0S12800000G0030	177.76	
6438454	002482	50L0R0S12800000G0080	355	
6438455	002483	50L0R0S12800000J0020	100.99	
6438456	002484	50L0R0S12800000J0050	100.99	
6438457	002485	50L0R0S12800000J0060	100.99	
6438458	002486	50L0R0S12800000J0080	100.99	
6438459	002487	50L0R0S12800000J0100	100.99	
6438460	002488	50L0R0S12800000J0110	100.99	
6438461	002489	50L0R0S12800000K0050	100.99	
6438462	002490	50L0R0S12800000K0090	100.99	
6438463	002491	50L0R0S12800000K0100	100.99	
6438464	002492	50L0R0S12800000K0110	100.99	
6438465	002493	50L0R0S12800000L0010	100.99	
6438466	002494	50L0R0S12800000L0080	100.99	
6438467	002495	50L0R0S12800000L0090	100.99	
6438468	002496	50L0R0S12800000M0050	100.99	
6438469	002497	50L0R0S12800000N0060	100.99	
6438470	002498	50L0R0S12800000N0070	100.99	
6438471	002499	50L0R0S12800000N0090	100.99	
6438473	002501	50L0R0S12800000N0140	137.02	
6438474	002502	50L0R0S12800000N0170	586.28	
6438475	002503	50L0R0S12850000A0190	358.16	
6438476	002504	50L0R0S14000000A0400	298.72	
6438479	002507	50L0R0S14000000A1140	846.3	
6438480	002508	50L0R0S14000000A1190	426.21	
6438482	002510	50L0R0S14000000A1270	757.93	
6438483	002511	50L0R0S14000000A1401	199.93	
6438484	002512	50L0R0S150900000001B	987.19	
6438485	002513	50L0R0S1509000000060	1786.38	
6438487	002515	50L0R0S150900000012A	429.11	
6438488	002516	50L0R0S3122349000030	1723.16	
6438489	002517	6021S4W0000002110700	120.18	
6438490	002518	6021S4W0000002150500	120.18	
6438491	002519	6021S4W0000002151100	135.07	
6438492	002520	6021S4W0000002151400	586.4	
6438493	002521	6021S4W0000002151600	722.43	
6438494	002522	6021S4W0000002152500	1338.82	
6438496	002524	6021S4W12500000B0221	2612.26	
6438497	002525	6021S4W12500000B0230	1712.91	
6438498	002526	6021S4W12700000C0050	512.91	
6438499	002527	6021S4W1290000000030	3059.93	
6438500	002528	6031S4W0000001110100	1063.89	
6438501	002529	6031S4W0000003000600	380.63	
6438502	002530	6031S4W12600000F0080	3048.64	
6438503	002531	6031S4W12600000L0050	104.4	
6438504	002532	6031S4W126000LIB0011	463.1	
6438505	002533	6031S4W126000LIB0012	257.26	
6438506	002534	6031S4W126000LIB0030	1358.46	
6438508	002536	6041S4W0000003110100	422.75	
6438509	002537	6041S4W0000003140100	1643.45	
6438510	002538	6041S4W0000003230100	3484.99	
