ADV_AMT,ADV_NUM,FOLIO1,USER_ID,WINNING_BID
1606.06,00002,10002090,2868,4.00
1964.92,00003,10006008,2868,4.00
898.45,00004,10012018,2868,7.00
770.27,00007,10038011,3286,6.00
842.55,00008,10111002,2868,4.00
361.61,00009,10116010,3446,0.00
576.30,00010,10116011,3446,0.00
78.91,00011,10129070B,2868,16.00
438.03,00012,10205004H,2868,7.00
864.49,00013,10208087,2868,4.00
2708.56,00014,10302006,2437,6.00
97.92,00015,10302025,2805,0.00
2352.08,00018,10309004A,2437,6.00
864.21,00020,10312005,2868,6.00
748.61,00021,10312006,2868,6.00
1034.38,00022,10315011,2740,5.00
563.51,00023,10328127,3570,6.00
1441.73,00024,10401054,2868,7.00
640.36,00025,10402077,3508,7.00
1389.46,00026,10410006,3373,6.00
979.00,00028,10410090,3508,7.00
4644.55,00029,10415004,2437,6.00
836.19,00031,10506083,3288,4.00
648.28,00034,10515028,2437,6.00
995.72,00035,10517006,2892,2.00
619.25,00037,10606002M,3479,3.00
522.55,00038,10607001R,3464,6.00
596.61,00039,10702003A,3508,7.00
2689.65,00041,10703064A,3508,7.00
406.19,00042,10703068,3518,7.00
1093.66,00043,10703076,3508,7.00
6667.97,00044,10703077A,3373,6.00
1318.78,00045,10703080,2356,8.00
5319.66,00046,10704004,3373,6.00
551.45,00050,10706003,3479,0.00
343.54,00051,10706038,3325,0.00
1451.43,00056,10717139,3288,0.00
7497.20,00057,10732001,2437,6.00
4205.88,00058,10732002,2437,6.00
8423.82,00059,10732003,2437,6.00
53.11,00060,10736033,3480,4.00
1508.88,00061,10740012,3506,3.00
622.38,00062,10803082,2328,4.00
701.61,00063,10803183,2892,4.00
1654.77,00064,10804037,3373,6.00
1407.68,00068,10824034,3508,7.00
375.40,00070,10908188,3464,6.00
10810.67,00071,10909104A,3311,7.00
656.35,00072,10917010,3508,7.00
811.09,00073,11005062,3316,4.00
1656.97,00074,11005078,530,5.00
1335.23,00077,11012011P,3473,5.00
848.16,00078,11110056,3591,3.00
498.90,00080,11116042A,3570,6.00
1633.06,00082,11210028,3303,0.00
2234.20,00083,11211063,3325,0.00
425.65,00084,11226001,3464,2.00
1194.10,00086,11258107,3531,3.00
918.91,00087,11259022,3288,0.00
767.74,00092,11302007B,3561,8.00
305.92,00093,11316004,3303,7.00
425.18,00094,11318016,3561,9.00
427.70,00097,11320035,3561,9.00
517.38,00098,11320066,3561,8.00
431.79,00099,11320135,3561,9.00
1084.31,00100,11336037,530,5.00
2565.07,00104,11342075,2356,9.00
1278.16,00106,11351052,3373,6.00
440.76,00108,11357027,3561,9.00
741.02,00109,11380004,3325,0.00
380.08,00110,11380043,3303,7.00
107.39,00111,11380124,3561,11.00
57.75,00112,11380126,3303,0.00
54.69,00116,11380130,3524,7.00
54.69,00117,11380131,3524,7.00
54.69,00119,11380133,3561,16.00
54.69,00120,11380134,3561,16.00
54.69,00121,11380135,3561,16.00
54.69,00122,11380136,3561,16.00
54.69,00124,11380138,3561,16.00
54.69,00125,11380139,3561,16.00
54.69,00126,11380141,3561,16.00
150.18,00127,11380142,3561,9.00
1830.20,00129,11417016,3288,0.00
170.47,00130,11503007,3561,11.00
745.34,00131,11507106,2444,7.00
60.26,00134,11511046A,3522,0.00
3249.34,00135,11513011,2356,16.00
56.53,00136,11605017,131,0.00
680.42,00138,11617003F,131,10.00
792.98,00140,11627063,3464,8.00
672.76,00141,11628005C,2894,9.00
5264.13,00142,11628036,3126,5.00
338.79,00145,11632049,3546,0.00
906.90,00147,11634071,2829,8.00
320.51,00148,11653036,3523,9.00
583.04,00149,11654053,2894,9.00
2091.76,00153,11658008,3473,3.00
2486.73,00156,11658050,3555,5.00
933.73,00157,11658062,2328,4.00
1885.76,00158,11658063,2437,6.00
1885.76,00159,11658073,2328,4.00
1885.76,00160,11658085,3473,0.00
2471.91,00161,11658087,2328,4.00
2784.78,00162,11658115,3555,5.00
2377.91,00163,11658118,2328,4.00
2784.78,00165,11658179,3555,5.00
2784.78,00166,11658182,3555,5.00
2784.78,00167,11658183,3555,5.00
2784.78,00168,11658188,2892,5.00
2784.78,00169,11658190,3555,5.00
2264.92,00170,11658205,2437,7.00
2897.38,00171,11658214,3555,5.00
2614.44,00173,11658264,2437,7.00
1286.16,00174,11658302,3288,5.00
140.98,00176,11659052,3473,0.00
1204.30,00178,11705009C,3515,0.00
690.81,00179,11721042,3303,5.00
1487.06,00182,11733080,3570,5.00
1064.97,00183,11739016,3355,6.00
1294.46,00184,11746030,2328,5.00
1294.11,00185,11746031,2437,6.00
1294.11,00186,11746032,3584,5.00
1513.95,00187,11746033,3584,4.00
1520.97,00188,11746034,2437,7.00
1247.51,00189,11746037,3570,5.00
1476.27,00190,11746041,2437,6.00
575.61,00191,20003013A,2894,9.00
299.51,00192,20003015,3340,8.00
624.75,00193,20003022,2829,8.00
264.91,00194,20003034,3340,8.00
622.85,00195,20004045,2894,9.00
7502.36,00197,20007028,2356,13.00
484.00,00198,20007041,3583,5.00
1866.96,00199,20012004A,3168,8.00
669.32,00200,20104002,3550,9.00
3600.25,00201,20105006,3373,6.00
8993.19,00202,20108006,131,8.00
367.19,00203,20112006,131,11.00
9001.60,00205,20123001,3373,6.00
272.83,00206,20123002,3308,14.00
138.60,00207,20123003A,3308,15.00
544.01,00208,20123004,131,8.00
327.34,00209,20127014,131,13.00
180.70,00211,20136014,131,9.00
2676.39,00212,20140004,3373,7.00
212.25,00215,20202024,2892,4.00
694.29,00216,20202034V,3426,6.00
694.29,00217,20202034W,3518,12.00
435.13,00218,20202034Y,2849,10.00
694.29,00219,20202034Z,3426,6.00
287.77,00220,20203010M,3479,0.00
142.31,00221,20204002,2567,0.00
142.31,00222,20204052,131,9.00
269.72,00223,20204129,2892,0.00
267.05,00224,20204132,2567,0.00
767.37,00225,20206003F,2829,8.00
2040.72,00226,20206037,2356,16.00
410.08,00227,20206046C,2428,10.00
976.75,00228,20210001L,2850,8.00
642.76,00229,20210001M,2849,8.00
646.14,00230,20210001N,3568,8.00
7730.55,00231,20210001V,2829,7.00
1139.70,00234,20221018,2444,6.00
1133.73,00235,20221019,3373,6.00
687.38,00237,20234009,2849,5.00
131.76,00238,20235035,131,0.00
121.86,00239,20235039,3523,11.00
248.89,00240,20240029,3523,11.00
131.76,00241,20243001,131,0.00
131.76,00242,20243002,131,0.00
131.76,00243,20243003,131,0.00
131.76,00244,20243004,131,0.00
131.76,00245,20243005,131,11.00
131.76,00246,20243006,131,11.00
131.76,00247,20243007,131,11.00
131.76,00248,20243018,131,11.00
131.76,00249,20243019,131,11.00
131.76,00250,20243020,131,11.00
131.76,00251,20243021,3416,0.00
131.76,00252,20243022,131,0.00
131.76,00253,20243023,131,0.00
131.76,00254,20243024,131,0.00
131.76,00256,20243046,3479,0.00
131.76,00257,20245005,3416,0.00
131.76,00258,20245006,131,0.00
131.76,00259,20245007,131,13.00
131.76,00260,20245008,131,13.00
131.76,00261,20245009,131,13.00
131.76,00262,20245010,131,13.00
131.76,00263,20245011,3416,0.00
131.76,00264,20245012,3416,0.00
131.76,00265,20245013,131,13.00
131.76,00266,20245014,131,13.00
131.76,00267,20245015,131,13.00
131.76,00268,20245017,3416,0.00
131.76,00269,20245018,131,0.00
131.76,00270,20246008,131,0.00
131.76,00271,20246026,131,0.00
131.76,00272,20246056,2567,0.00
131.76,00273,20249020,3479,0.00
131.76,00274,20249021,3479,0.00
131.76,00275,20249036,2567,0.00
131.76,00276,20249037,2567,0.00
131.76,00277,20249038,131,0.00
131.76,00278,20249039,131,0.00
131.76,00279,20249040,3416,0.00
131.76,00280,20249041,131,13.00
131.76,00281,20249042,131,13.00
131.76,00282,20249043,131,13.00
131.76,00283,20249050,2567,0.00
131.76,00284,20249051,2567,0.00
131.76,00285,20249053,131,13.00
131.76,00286,20250014,131,13.00
131.76,00287,20250020,131,13.00
183.82,00288,20250021,131,16.00
131.76,00289,20250025,3416,0.00
131.76,00290,20250026,131,0.00
131.76,00291,20250027,131,0.00
131.76,00292,20250028,131,6.00
131.76,00293,20250029,131,6.00
131.76,00294,20250030,131,6.00
131.76,00295,20250031,131,6.00
131.76,00296,20250032,131,6.00
131.76,00297,20250033,131,6.00
346.30,00298,20250036,131,6.00
131.76,00299,20251045,131,6.00
131.76,00300,20251046,131,6.00
131.76,00301,20252004,131,6.00
131.76,00302,20252017,131,6.00
131.76,00303,20252018,131,0.00
131.76,00304,20252019,131,0.00
131.76,00305,20252020,131,0.00
131.76,00306,20252021,131,3.00
131.76,00307,20252024,131,3.00
131.76,00308,20252038,131,3.00
131.76,00309,20252039,131,0.00
131.76,00310,20252040,131,0.00
131.76,00311,20252053,131,0.00
131.76,00312,20252054,3416,0.00
131.76,00313,20252055,3416,0.00
238.18,00314,20256007,3480,11.00
132.33,00315,20256017,3479,0.00
508.70,00316,20257004,2894,11.00
798.15,00317,20270040,131,0.00
1594.48,00319,20302004D,253,7.00
1169.56,00323,20319112,2892,5.00
816.72,00324,20323002D,3535,8.00
906.19,00325,20323004C,2892,7.00
285.26,00326,20325012,3538,5.00
180.98,00327,20326017,406,11.00
61.65,00331,20335013B,3538,0.00
76.25,00333,20336016B,3538,0.00
108.16,00334,20339002,3342,6.00
804.55,00335,20343053,2892,0.00
548.25,00336,20349029,3538,0.00
716.14,00337,20350009,2892,5.00
716.14,00338,20350013,2892,4.00
883.30,00339,20350035,3355,7.00
835.59,00340,20357002C,2894,10.00
1571.15,00342,20407142,3531,3.00
1611.38,00343,20407166,3531,4.00
716.80,00344,20407197,3531,4.00
143.32,00345,20407239,2570,5.00
861.18,00346,20407264,3340,7.00
2103.49,00347,20412014D,2849,8.00
842.93,00348,20415020M,3531,5.00
297.75,00349,20433013,131,0.00
69.30,00350,20508009,3393,0.00
2806.36,00351,20508010,3308,16.00
422.49,00352,20508032,3308,16.00
662.70,00353,20509005,3308,16.00
183.91,00354,20510005A,3538,0.00
227.63,00355,20520004,3342,0.00
227.63,00356,20520005,3589,0.00
228.27,00357,20520012,3589,0.00
224.09,00361,20520035,3479,0.00
230.04,00362,20521031,2570,0.00
132.99,00363,20522010,3589,0.00
132.99,00364,20524011,3342,0.00
267.38,00365,20536014,131,0.00
92.08,00366,20602004,3308,16.00
177.72,00367,20603043,2892,0.00
92.08,00368,20604021,131,0.00
92.08,00369,20604022,131,0.00
92.08,00370,20604024,3308,16.00
92.08,00371,20605046,3308,16.00
92.08,00372,20605061,3308,16.00
92.08,00373,20609035,3308,16.00
92.08,00374,20612047,3590,13.00
92.08,00375,20612050,3359,13.00
711.82,00376,20613025,131,0.00
500.00,00377,20615008A,131,0.00
136.68,00378,20616002,131,0.00
233.12,00379,20616017,3479,0.00
297.84,00381,20617016A,3523,11.00
127.40,00383,20619025,3479,0.00
256.10,00385,20620002,2849,12.00
176.55,00386,20620024A,131,13.00
244.25,00388,20621019,3590,0.00
602.96,00389,20622001,2356,8.00
153.99,00390,20623029,131,13.00
412.71,00392,20624007,3465,15.00
284.97,00393,20625009,3518,12.00
365.29,00394,20625032D,3465,16.00
283.13,00395,20625042,131,11.00
804.07,00396,20626032,2894,11.00
247.02,00397,20627016,131,13.00
533.18,00398,20628015,2894,13.00
167.87,00399,20630019,3322,8.00
284.86,00400,20633010,131,4.00
626.21,00401,20633019,3547,0.00
505.88,00402,20633025,2894,11.00
830.93,00403,20634030,3355,8.00
172.88,00404,20634047,3322,8.00
250.12,00405,20635008,3479,0.00
257.12,00407,20636005A,2849,8.00
224.02,00408,20636005B,131,9.00
224.02,00409,20636005C,2849,8.00
166.10,00410,20636005D,131,10.00
166.10,00411,20636005E,131,10.00
1699.76,00412,20636011,3518,13.00
153.99,00413,20640010,3308,16.00
111.13,00414,20640020B,3547,0.00
307.25,00417,20647014,3465,16.00
234.24,00418,20650006,3479,13.00
880.26,00420,20651020,2894,11.00
87.69,00424,20654047,3488,13.00
87.69,00425,20655067,3376,13.00
180.18,00426,20656022,3170,6.00
290.53,00427,20657009,174,11.00
185.97,00428,20657022,174,8.00
187.21,00429,20657031,3322,6.00
249.94,00430,20658023,3488,6.00
207.38,00431,20658034,131,4.00
1025.89,00432,20660002,174,7.00
153.99,00434,20663006,131,6.00
148.99,00435,20664007B,3479,0.00
2770.55,00438,30007006N,2823,5.00
1372.77,00440,30025001,174,7.00
1372.77,00441,30025002,174,7.00
291.52,00442,30026005,3340,6.00
1479.25,00443,30028001A,3570,6.00
1429.19,00444,30029001A,3570,6.00
821.19,00445,30029001B,3570,6.00
58.17,00446,30039031B,131,0.00
673.52,00449,30054013,131,4.00
1906.90,00450,30055026,174,7.00
197.89,00451,30056017,2567,0.00
1238.77,00453,30061005,2437,6.00
1192.92,00454,30061010,2437,6.00
1855.53,00455,30100003,174,7.00
715.00,00459,30114001,3487,7.00
1047.81,00460,30115047,3506,6.00
1065.68,00461,30115055,3506,6.00
1020.95,00462,30115065,3506,6.00
1843.17,00463,30117038E,2823,7.00
789.83,00464,30118009Z,174,7.00
113.81,00466,30118049E,3170,6.00
944.22,00470,30128002F,174,9.00
1008.86,00471,30128002G,174,7.00
1582.59,00472,30128002H,174,7.00
1006.07,00473,30128002J,174,7.00
1628.79,00474,30132035T,174,7.00
4739.22,00475,30132036S,174,7.00
1340.92,00476,30151002V,3450,6.00
844.24,00477,30162032,3435,5.00
1531.79,00478,30163033A,2823,7.00
1451.72,00479,30164001D,174,7.00
1354.82,00482,30167010,3355,6.00
900.55,00484,30168009B,174,7.00
898.68,00485,30169005D,174,7.00
898.68,00486,30169005E,174,7.00
2326.54,00487,30169005H,174,8.00
440.89,00490,30177019,174,9.00
1895.34,00492,30183115A,174,7.00
1853.52,00494,30187017,3435,5.00
96.01,00495,30204018,3479,6.00
91.91,00496,30204027,174,8.00
93.15,00497,30221002A,3342,0.00
169.97,00498,30221008C,3479,0.00
2481.63,00500,30305003W,174,8.00
591.36,00502,30310014,174,8.00
712.54,00503,30311004A,3426,6.00
718.21,00504,30311004B,3596,6.00
289.88,00505,30311005D,174,11.00
165.08,00507,30315049,3479,6.00
242.46,00509,30317005,3577,0.00
229.96,00512,30317072,3479,0.00
988.08,00513,30318040,2894,9.00
2355.08,00514,30318041,3355,6.00
780.40,00516,30323001L,3589,0.00
470.34,00517,30324001E,131,0.00
463.55,00518,30324003L,3308,16.00
199.13,00521,30329001G,3546,0.00
1167.81,00522,30334027,2486,7.00
107.76,00523,30342007B,3521,0.00
167.11,00524,30342036D,3521,0.00
167.11,00525,30342044C,3479,0.00
327.27,00527,30343011,3521,0.00
167.11,00531,30347032H,3589,10.00
404.99,00534,30347037,3589,0.00
167.11,00536,30347074B,3479,0.00
1118.71,00538,40040033,3308,16.00
1895.58,00543,40054065,2437,3.00
352.09,00544,40057023,2437,0.00
53.30,00545,40057040,2805,0.00
976.28,00546,40058092,2437,4.00
285.05,00547,40060260,2437,0.00
84.07,00548,40065079,2437,0.00
643.06,00549,40065181,2437,7.00
585.36,00550,40066073,2437,0.00
307.81,00551,40066104,2437,5.00
914.41,00552,40067009,2437,0.00
525.25,00553,40068111,2437,0.00
143.00,00554,40074002,3288,0.00
940.65,00555,40080006,2437,0.00
773.96,00556,40101026,2740,2.00
4110.67,00557,40102059,3515,3.00
1282.26,00558,40102064F,2356,16.00
1352.87,00560,40104019,3570,4.00
1498.54,00561,40104039,3515,3.00
2100.13,00562,40107009G,3527,4.00
1146.78,00564,40114124,2356,16.00
1415.54,00565,40116079,3479,0.00
1689.21,00566,40121044A,3515,3.00
4342.36,00576,40142009,2437,5.00
2478.16,00577,40146062,3515,4.00
120.91,00578,40146100,3480,0.00
2526.86,00581,40170003,3435,5.00
738.43,00582,40170023,2328,7.00
1657.15,00583,40170032,2328,7.00
2645.34,00586,40181007,2437,6.00
2180.47,00587,40181038,2437,6.00
2970.74,00588,40181043,2437,6.00
182.23,00590,40207031,3322,0.00
60.28,00591,40229007,3531,0.00
325.50,00592,40303021,2740,5.00
440.16,00594,40304119,3531,7.00
646.61,00595,40308095,2740,6.00
318.12,00596,40313011S,3479,0.00
392.95,00598,40315098,131,5.00
203.25,00599,40315236,3480,0.00
239.56,00601,40340001,3479,0.00
2004.49,00602,40346010D,3531,8.00
5988.51,00603,40350076,3373,6.00
479.31,00604,40363020,3531,5.00
80.46,00606,40365062,3342,0.00
324.30,00609,40369066,3521,6.00
329.52,00610,40369072,3479,0.00
442.79,00611,40373021,2892,3.00
390.42,00612,40379065,2740,8.00
482.28,00613,40379074,2740,4.00
313.30,00617,40400709,3518,16.00
353.55,00618,40402007,2570,5.00
264.13,00619,40433033,2570,0.00
181.94,00620,40434136,3328,0.00
75.02,00624,40521034,2805,0.00
5292.70,00625,40523007A,2437,6.00
264.17,00626,40523007B,3518,13.00
6919.33,00627,40523008A,2437,6.00
1500.38,00629,40601014,3308,16.00
87.37,00630,40602032,3518,14.00
87.37,00631,40602033,3547,0.00
87.37,00632,40602043,3522,13.00
126.91,00633,40622004F,3538,0.00
65.85,00636,40628016,3479,0.00
65.85,00637,40629001,3479,0.00
218.41,00638,40629002,3589,0.00
65.41,00641,40631005,3479,0.00
91.01,00642,40664001B,3479,0.00
65.03,00643,40668001B,3393,13.00
216.51,00644,40669011A,3479,0.00
227.17,00645,40672020,3479,0.00
120.50,00646,40675003A,3577,0.00
56.51,00647,40677037,3308,16.00
121.11,00648,40678008,3170,11.00
302.11,00649,40678051,3308,16.00
166.12,00650,40683015,3577,0.00
154.57,00651,40685015,3589,0.00
238.51,00652,40705004B,3479,0.00
148.99,00653,50001011L,3479,0.00
613.60,00654,50004005E,3518,13.00
54.27,00655,50007015,2567,0.00
84.51,00656,50007035,131,0.00
54.27,00657,50008015,131,0.00
54.27,00658,50008125,131,0.00
54.27,00660,50009097,131,16.00
433.59,00663,50016012A,3479,0.00
168.89,00665,50017011B,131,0.00
464.89,00666,50017012B,131,10.00
197.58,00667,50018009,3518,14.00
74.10,00668,50020001,3393,8.00
74.10,00669,50025004,3393,8.00
164.50,00670,50029001,3479,0.00
356.57,00671,50030011,131,0.00
357.06,00672,50030012,3589,0.00
425.84,00673,50032028,2849,0.00
310.58,00674,50033001,2850,0.00
67.07,00675,50033019,3014,0.00
310.58,00676,50033057,2850,0.00
310.58,00677,50033074,3589,0.00
310.58,00678,50033085,131,0.00
353.37,00679,50034040,2948,0.00
1155.80,00680,50034082,3589,0.00
281.34,00681,50034088,3589,0.00
252.74,00682,50106021D,3479,0.00
66.12,00683,50107073,3578,16.00
66.12,00684,50107106,2948,10.00
136.67,00686,50108043,3518,16.00
136.59,00687,50108142,3518,16.00
126.94,00688,50108146,3170,15.00
66.12,00689,50109098,3518,16.00
66.12,00690,50109099,3518,16.00
66.12,00691,50109102,3518,16.00
66.12,00692,50109103,3518,16.00
66.12,00693,50110075,3369,15.00
66.12,00694,50110100,3369,15.00
66.12,00695,50110101,3369,15.00
56.14,00696,50110123,3369,0.00
66.12,00697,50111009,3369,15.00
66.12,00698,50111016,3369,15.00
66.12,00699,50111017,3369,15.00
66.12,00700,50111030,3518,16.00
66.12,00701,50111050,3518,16.00
66.12,00702,50111051,3221,16.00
66.12,00703,50111114,419,15.00
66.12,00704,50112057,3566,16.00
136.67,00705,50112065,3518,16.00
66.12,00706,50113089,3518,16.00
66.12,00707,50113092,3416,15.00
66.12,00708,50113093,3416,15.00
66.12,00709,50114020,2948,15.00
66.12,00710,50114021,3518,16.00
129.98,00711,50114042,2948,15.00
66.12,00712,50118032,3518,16.00
66.12,00713,50118046,3518,16.00
66.12,00714,50118056,3518,16.00
66.12,00715,50119030,2948,15.00
66.12,00716,50119068,3369,15.00
66.12,00717,50119069,3518,16.00
66.12,00718,50119070,2948,15.00
66.12,00719,50120007,174,15.00
66.12,00720,50121036,3518,16.00
133.63,00721,50122006,3518,16.00
66.12,00722,50122026,3518,16.00
66.12,00723,50122033,3518,16.00
66.12,00724,50122087,3518,16.00
133.02,00727,50124016,3518,16.00
136.59,00728,50124054,3518,16.00
136.59,00729,50124057,3518,16.00
66.12,00730,50124070,3518,16.00
136.59,00731,50125060,3518,16.00
66.12,00733,50126020,3416,15.00
66.12,00734,50126021,3416,15.00
66.12,00735,50126050,3416,15.00
66.12,00736,50126051,3416,15.00
66.12,00737,50126098,3518,16.00
66.12,00739,50128015,3518,16.00
66.12,00740,50128055,3416,15.00
66.12,00741,50128056,3416,15.00
66.12,00742,50128133,2567,15.00
66.12,00743,50128137,2567,0.00
66.12,00744,50129048,3518,16.00
66.12,00745,50129083,3518,16.00
66.12,00746,50130001,3518,16.00
66.12,00747,50130024,3518,16.00
66.12,00748,50130067,3518,16.00
66.12,00749,50131022,3547,0.00
66.12,00750,50131023,3546,0.00
66.12,00751,50131054,3518,16.00
66.12,00753,50132097,3416,16.00
66.12,00754,50132098,2805,0.00
66.12,00755,50132099,3416,16.00
66.12,00756,50132105,3416,0.00
66.12,00757,50132106,3416,0.00
66.12,00758,50132107,2805,0.00
66.12,00759,50132108,2805,0.00
66.12,00762,50133050,2805,16.00
66.12,00763,50133072,2567,16.00
66.12,00764,50133081,2567,16.00
66.12,00765,50133092,2567,0.00
66.12,00771,50136047,3416,9.00
66.12,00772,50136048,3416,16.00
66.12,00773,50136049,3416,16.00
66.12,00774,50136052,3302,16.00
66.12,00775,50136053,3302,16.00
66.12,00776,50136060,3302,9.00
66.12,00777,50136061,3302,7.00
66.12,00778,50136105,3393,9.00
66.12,00779,50136120,3393,9.00
66.12,00783,50138090,3509,16.00
66.12,00784,50139012,3547,16.00
66.12,00786,50139056,3346,16.00
66.12,00787,50139079,3346,16.00
66.12,00788,50139090,3346,16.00
66.12,00789,50139125,3509,9.00
66.12,00790,50139129,3346,16.00
66.12,00791,50139137,3346,12.00
66.12,00797,50140131,3308,16.00
131.81,00801,50142007,3170,16.00
66.12,00802,50142041,3462,16.00
66.12,00803,50142045,3462,16.00
66.12,00804,50142102,3462,16.00
66.12,00806,50143011,3521,5.00
66.12,00808,50143059,3416,0.00
66.12,00809,50143060,3416,0.00
66.12,00810,50143062,3416,0.00
66.12,00811,50143063,3416,0.00
66.12,00812,50143066,3462,7.00
66.12,00813,50143088,3462,8.00
66.12,00814,50143094,3462,7.00
66.12,00815,50143105,3509,4.00
66.12,00816,50143114,3393,8.00
66.12,00817,50144034,3346,16.00
66.12,00818,50144057,3393,8.00
66.12,00819,50144068,3393,6.00
66.12,00820,50144075,3393,16.00
66.12,00821,50144083,3393,11.00
66.12,00822,50145043,3393,16.00
66.12,00823,50145054,3462,7.00
66.12,00824,50145060,3393,16.00
66.12,00825,50145062,3393,7.00
66.12,00826,50145080,2805,4.00
66.12,00827,50145081,2805,5.00
66.12,00828,50145086,3393,16.00
66.12,00829,50145091,3393,16.00
66.12,00830,50145092,3393,16.00
66.12,00831,50146014,3393,16.00
66.12,00832,50146059,3393,16.00
66.12,00833,50147031,3393,16.00
66.12,00834,50147043,3393,16.00
66.12,00835,50147044,3393,16.00
66.12,00836,50147045,3393,16.00
66.12,00837,50147054,3393,11.00
85.24,00838,50148008,3393,7.00
85.24,00839,50148015,3393,7.00
91.21,00840,50149001,3376,11.00
85.24,00841,50149003,2805,0.00
85.24,00842,50149004,131,0.00
85.24,00843,50149005,131,6.00
469.98,00844,50156030,3546,16.00
66.12,00846,50156075,3393,16.00
66.12,00847,50156076,3393,16.00
66.12,00848,50156118,3221,16.00
66.12,00849,50157018,2805,4.00
66.12,00850,50157019,2805,5.00
119.33,00852,50158018,3465,16.00
66.12,00859,50159006,3524,8.00
66.12,00860,50159007,3524,8.00
66.12,00861,50159085,3393,16.00
66.12,00862,50159101,3393,16.00
66.12,00863,50159109,3393,16.00
134.24,00864,50160001,3170,16.00
66.12,00865,50161009,3393,9.00
66.12,00866,50161010,3393,9.00
66.12,00867,50161033,3302,8.00
66.12,00868,50161047,3393,16.00
66.12,00869,50162038,3393,16.00
66.12,00871,50162068,3393,16.00
66.12,00873,50164045,3393,16.00
66.12,00874,50165048,3393,16.00
66.12,00875,50165052,3393,16.00
72.50,00876,50167001,3479,8.00
72.50,00877,50168018,3479,5.00
72.50,00878,50169015,3393,12.00
72.50,00879,50170019,3393,11.00
72.50,00880,50171008,3479,5.00
1418.51,00882,50172021,3565,16.00
66.12,00883,50172070,3393,16.00
66.12,00884,50173013,3393,16.00
120.16,00885,50173022,3547,16.00
66.12,00889,50175075,3393,16.00
66.12,00890,50175076,3393,16.00
66.12,00891,50175077,3393,16.00
66.12,00892,50177008,3393,16.00
66.12,00893,50177009,3393,16.00
66.12,00894,50177011,3393,16.00
66.12,00895,50177046,3393,16.00
66.12,00896,50177048,3393,16.00
66.12,00897,50177049,3393,16.00
66.12,00898,50177050,3393,16.00
66.12,00899,50177053,3393,16.00
66.12,00900,50177054,3393,16.00
66.12,00901,50177060,3393,16.00
66.12,00902,50177062,3393,16.00
208.06,00903,50180057,2859,0.00
385.35,00904,50180062,2567,0.00
198.71,00906,50208003W,3547,16.00
219.81,00907,50208003Y,2850,15.00
316.55,00908,50224020,3479,0.00
288.76,00909,50224036,2849,0.00
144.04,00910,50224053,131,7.00
144.04,00911,50224054,131,7.00
309.92,00912,50226001,3479,0.00
310.04,00913,50226008,3589,3.00
176.94,00915,50226033E,131,0.00
141.78,00916,50226049,131,7.00
125.18,00917,50226050,3376,15.00
176.94,00918,50227046B,3589,3.00
176.94,00919,50227051B,3538,0.00
101.96,00920,50227051D,3342,0.00
405.83,00921,50231027,3589,3.00
395.69,00923,50231143,2850,0.00
405.21,00924,50231147,3589,7.00
213.06,00925,50231159,3589,0.00
66.12,00926,50302007,3393,16.00
56.56,00928,50303070B,3547,0.00
281.25,00929,50304058,3034,16.00
66.12,00932,50305065,3560,8.00
115.04,00933,50305079B,3170,16.00
66.12,00934,50308003,3479,0.00
66.12,00935,50308004,3479,0.00
66.12,00936,50312006,3479,0.00
87.96,00937,50314026,3479,0.00
78.08,00938,50315005,3416,0.00
87.96,00939,50315006,3479,0.00
87.96,00942,50316044,131,0.00
414.06,00943,50316076,2570,8.00
87.96,00944,50316099,2859,0.00
87.96,00945,50317015,3479,0.00
87.96,00946,50317023,3479,0.00
201.23,00947,50317029,2570,11.00
170.06,00949,50317109,2859,0.00
170.06,00950,50317117,131,0.00
66.12,00953,50318104,2805,16.00
66.12,00969,50319109,3546,16.00
66.12,00987,50321019,3529,16.00
66.12,00990,50321043,3437,16.00
66.12,01002,50321130,3416,16.00
66.12,01003,50321131,3416,16.00
66.12,01005,50321139,3328,16.00
66.12,01006,50321140,3328,16.00
66.12,01009,50322002,3342,16.00
66.12,01010,50322043,3342,16.00
66.12,01011,50322046,3342,16.00
66.12,01012,50322047,3342,16.00
66.12,01013,50322048,3342,16.00
66.12,01014,50322049,3342,16.00
66.12,01015,50322052,3342,16.00
66.12,01016,50322054,3342,16.00
66.12,01017,50322055,3342,16.00
66.12,01018,50322056,3342,16.00
66.12,01020,50323031,3342,16.00
66.12,01026,50324017,3524,14.00
66.12,01027,50324038,3524,14.00
66.12,01028,50324040,3342,15.00
60.56,01031,50327002,3393,16.00
60.56,01032,50327057,3416,4.00
60.56,01033,50327058,3416,4.00
60.56,01034,50327059,3416,4.00
60.56,01035,50327061,3393,15.00
60.56,01036,50327062,3393,15.00
575.49,01037,50328012,3518,16.00
60.61,01039,50328058,3393,16.00
60.56,01040,50329002,3393,16.00
60.61,01041,50329004,3393,16.00
60.61,01042,50329005,3393,16.00
60.61,01043,50329006,3393,16.00
60.61,01044,50329007,3393,16.00
60.56,01045,50329010,3393,16.00
60.56,01046,50329012,3393,16.00
60.56,01047,50329013,3393,16.00
60.56,01048,50329014,3393,16.00
60.56,01049,50329016,3393,16.00
60.56,01050,50329021,3393,16.00
60.61,01051,50329024,3393,16.00
60.56,01052,50329035,3393,16.00
60.56,01053,50329036,3393,16.00
60.56,01054,50329037,3393,6.00
60.61,01055,50329041,3393,16.00
60.56,01056,50329045,3393,16.00
60.56,01057,50329047,3393,6.00
60.56,01058,50329048,3393,6.00
60.56,01059,50329049,3393,6.00
60.56,01060,50329052,3393,16.00
60.71,01061,50329062,3393,16.00
60.71,01062,50329063,3393,16.00
60.61,01063,50330001,3393,16.00
60.71,01064,50330008,3393,16.00
60.61,01065,50330009,3393,16.00
60.56,01066,50330024,3393,9.00
60.61,01067,50330025,3393,9.00
60.56,01068,50330032,3393,16.00
124.42,01069,50331024,2805,15.00
60.56,01070,50331038,3393,16.00
60.56,01071,50331039,3393,16.00
60.56,01072,50331042,3393,16.00
60.56,01073,50332003,3393,16.00
252.21,01074,50332014,3518,16.00
252.21,01075,50332015,3546,15.00
65.90,01076,50332033,3393,7.00
65.90,01077,50332046,3393,7.00
61.80,01078,50333015,3393,16.00
61.80,01079,50333016,3393,16.00
61.80,01080,50333017,3393,16.00
61.80,01081,50333018,3393,16.00
61.80,01082,50333031,3393,16.00
61.80,01083,50333032,3393,16.00
61.80,01084,50333038,3393,16.00
61.97,01085,50333040,3393,16.00
61.80,01086,50333042,3393,16.00
177.04,01088,50340002,3592,0.00
275.76,01089,50340009,2849,0.00
171.81,01091,50340082,3014,0.00
385.77,01092,50342028,2850,0.00
155.95,01093,60002022,3359,5.00
116.86,01094,60002026,3522,2.00
282.91,01095,60003006A,3340,7.00
110.62,01096,60008005,3523,9.00
91.31,01098,60012020S,3479,0.00
117.20,01099,60012020V,3522,7.00
1137.08,01100,60012028,3340,5.00
468.47,01101,60012031B,3523,8.00
86.70,01103,60015004H,3416,1.00
67.69,01107,60025044,3602,11.00
76.55,01108,60025047,3602,16.00
156.61,01109,60025048,3602,7.00
74.61,01110,60025055,3602,16.00
1365.03,01113,60102006Y,3602,16.00
146.88,01114,60104003N,131,14.00
166.85,01115,60104018E,3569,11.00
431.25,01116,60141003,3592,3.00
167.43,01117,60142096,3340,11.00
398.68,01118,60145012,3592,8.00
517.79,01119,60146088,3592,3.00
532.91,01120,60147012,3592,6.00
532.91,01121,60147086,3592,1.00
532.91,01122,60149046,3592,6.00
532.91,01123,60149054,3592,6.00
532.91,01124,60149074,131,7.00
56.80,01125,70057006B,3393,16.00
141.65,01127,70063006,3479,0.00
247.06,01128,70063008,3592,0.00
143.36,01129,70065005,3589,0.00
339.60,01130,70066010,3479,0.00
271.19,01131,70072012,3589,0.00
246.40,01132,70073008,2850,0.00
227.86,01133,70083031,2849,0.00
242.98,01134,70083064,3479,0.00
244.40,01135,70083069,2850,0.00
108.16,01137,70083166,3577,0.00
274.49,01138,70084089,3592,0.00
954.56,01139,80002013,2356,8.00
1465.33,01140,80002014,3340,7.00
431.75,01142,80003096,3583,4.00
12366.50,01143,80004026,2823,6.00
2289.08,01145,80010001A,3340,6.00
1060.89,01149,80034068,2823,7.00
273.51,01150,80037069,2428,11.00
260.28,01152,80038020,3465,13.00
324.13,01153,80042018,3465,13.00
421.92,01154,80042026,3501,10.00
317.52,01155,80042051,174,11.00
284.57,01156,80042052,174,11.00
296.69,01157,80042058,3465,14.00
207.03,01159,80048079,2428,11.00
889.11,01160,80050009,3340,6.00
546.72,01161,80050046,3464,5.00
79.11,01162,80050050,3342,0.00
1250.22,01163,80062021,3340,5.00
901.37,01164,80065006,3583,6.00
1197.06,01165,80069007,3373,6.00
419.29,01166,80100071,3501,16.00
1044.82,01167,80104011B,131,7.00
444.72,01168,80105042,3583,4.00
104.85,01170,80202001,2849,0.00
1257.50,01171,80208002,2328,7.00