AdvNum,Parcel,Face Amount
000010,10129052,974.45
000043,R0353619,1299.42
000067,10804147A,1032.94
000085,11116042A,12351.44
000092,11249122J,744.96
000120,11507259,2014.57
000182,20206038,2345.31
000186,20224006T,550.6
000187,20224010D,4768.94
000258,20508035,846.94
000263,20509014,2176.87
000265,20509025,673.94
000266,20509029,676.65
000267,20509030,676.65
000268,20509032,1330.69
000269,20509040,954.68
000270,20509041,954.68
000271,20509042,751.61
000272,20509044,135.31
000274,20509052,681.7
000275,20509063,1039.05
000276,20509064,676.65
000277,20509069,707.38
000285,20518006B,1684.28
000312,20604046,2452.04
000324,20610036,1480.42
000330,20611026,81.53
000331,20611029,81.53
000332,20611030,81.53
000333,20611046,1373.04
000335,20612047,2522.75
000381,20636011,2513.33
000382,20636018,1277.33
000402,20653012,81.53
000403,20653029,305.91
000404,20653041,1147.88
000405,20653042,801.49
000406,20653053,269.76
000407,20654010,305.91
000409,20654048,81.53
000410,20655010,81.53
000415,20656039,81.53
000416,20656046,81.53
000417,20656051,81.53
000418,20656054,81.53
000438,30055026,7448.79
000508,30221002E,1741.05
000538,40040033,7003.37
000542,40048023,214.38
000570,40107001F,185.64
000573,40114134,112.21
000580,40133028,1060.19
000581,40133029Z,314.32
000637,40608007B,2862.2
000648,40668005A,567.1
000653,40677053,844.22
000654,40677084,401.85
000657,40677095,401.85
000658,40677099,401.85
000659,40678035,210.18
000660,40678036,210.18
000661,40678047,362.3
000662,40678055,402.61
000674,50007058,50.99
000677,50007110,50.99
000678,50007111,50.99
000679,50007122,50.99
000681,50007134,50.99
000683,50008016,50.99
000686,50008052,50.99
000690,50009035,50.99
000691,50009036,50.99
000694,50010085,50.99
000695,50010090,50.99
000696,50011035,50.99
000706,50019001,1559.66
000708,50020014,1559.66
000710,50020029,1763.34
000715,50025004,1763.34
000716,50025012,867
000738,50107040,61.93
000739,50107041,61.93
000741,50107068,61.93
000742,50107073,35.49
000751,50108064,544.21
000756,50108125,9641.61
000758,50108143,597.24
000766,50110026,61.93
000767,50110039,1721.48
000768,50110040,2168.92
000770,50110072,61.93
000772,50110098,662.65
000774,50110127,1427.74
000775,50110136,1503.17
000779,50111033,1731.26
000780,50111048,61.93
000781,50111087,61.93
000782,50111103,61.93
000783,50113020,203.54
000784,50113041,61.93
000787,50113049,61.93
000788,50113059,61.93
000793,50113155,61.93
000795,50114086,61.93
000796,50118007,61.93
000797,50118008,40.31
000798,50118009,61.93
000799,50118068,61.93
000800,50118098,456.57
000801,50119023,2396.99
000802,50119029,1369.3
000803,50121003,61.93
000804,50121004,61.93
000805,50121010,61.93
000806,50122015,61.93
000808,50122064,61.93
000809,50123024,61.93
000813,50123041,1575.2
000816,50124090,1087.09
000822,50125059,2208.95
000823,50125065,2203.7
000824,50125066,2203.7
000825,50125073,61.93
000826,50125075,243.18
000827,50125090,2168.92
000830,50128010,2647.71
000833,50128053,1265.86
000835,50128061,61.93
000836,50128074,61.93
000841,50129002,456.57
000842,50129013,718.46
000851,50129113,215.56
000852,50129114,215.56
000853,50129118,215.56
000855,50129124,61.93
000856,50130015,61.93
000863,50130067,61.93
000868,50132019,61.93
000870,50132041,61.93
000877,50134011,229.6
000880,50134093,61.93
000881,50134114,61.93
000882,50135004,61.93
000883,50135061,61.93
000887,50135082,61.93
000888,50136006,239.6
000890,50136047,61.93
000891,50136048,61.93
000892,50136049,61.93
000893,50136120,61.93
000894,50137049,61.93
000895,50137092,61.93
000896,50139002,61.93
000897,50139015,474.96
000899,50139071,1265.86
000900,50139075,456.57
000901,50140016,61.93
000902,50140029,456.57
000903,50140071,61.93
000904,50140124,61.93
000906,50140161,61.93
000907,50140163,577.85
000909,50141030,383.62
000911,50141056,61.93
000912,50142007,61.93
000913,50142010,61.93
000914,50142050,61.93
000915,50142057,456.57
000916,50142098,61.93
000917,50142103,61.93
000918,50142113,61.93
000921,50143031,61.93
000923,50143054,1721.48
000924,50143062,1517.21
000925,50143074,2168.92
000926,50143108,61.93
000929,50144024,61.93
000930,50144030,239.6
000935,50144084,239.6
000936,50144114,577.85
000938,50145041,456.57
000939,50145089,215.93
000940,50145090,215.93
000941,50147036,422.25
000942,50147059,239.6
000958,50157041,382.96
000959,50157070,61.93
000960,50157075,61.93
000962,50157087,61.93
000963,50157091,61.93
000964,50157128,61.93
000965,50157131,61.93
000967,50157133,61.93
000968,50158009,1078.94
000973,50158099,461.11
000977,50158113,61.93
000979,50159059,694.16
000982,50160018,538.38
000983,50160020,61.93
000984,50160044,61.93
000987,50161019,61.93
000988,50161029,487.21
000990,50162012,461.11
000994,50163049,461.11
000998,50164061,1305.35
001008,50169033,93.42
001012,50173043,1794.7
001015,50174075,61.93
001023,50176036,61.93
001024,50176080,61.93
001025,50176081,61.93
001026,50177036,724.06
001027,50177077,1511.5
001028,50177079,1794.7
001030,50178001R,2721.36
001062,50303032,951.72
001064,50303053A,186.06
001065,50303058A,482.7
001066,50303058C,186.06
001068,50303085A,448.99
001072,50304073A,482.7
001073,50304083C,50.99
001075,50305030C,61.93
001091,50318004,61.93
001092,50318005,61.93
001093,50318013,61.93
001094,50318022,239.6
001095,50318024,239.6
001096,50318065,61.93
001097,50318077,61.93
001098,50318083,61.93
001099,50318104,2483.12
001100,50319023,135.53
001101,50319047,239.6
001102,50319111,61.93
001104,50320028,61.93
001105,50320071,145.53
001106,50320108,61.93
001107,50320120,61.93
001108,50321023,239.6
001109,50321024,1045.48
001110,50321033,61.93
001111,50321044,239.6
001112,50321100,278.55
001119,50321147,61.93
001121,50322052,61.93
001122,50323040,61.93
001123,50323048,203.26
001124,50324055,1469.64
001125,50324056,1469.64
001127,50329061,1934.81
001142,60009019C,260.63
001242,80012067,83.22
001243,80012071,83.22
001286,80114011,132.21
