AdvNum,Parcel,Face Amount
000002,00035002000,193.96
000007,00058009000,119.98
000027,00194001000,249.16
000066,00422000000,69.33
000068,00427001000,667.93
000069,00427002000,469.88
000071,00436000000,514.71
000086,00497002000,115.4
000108,00589000410,81.99
000146,00713001012,80.47
000148,00713001020,118.08
000177,00812002000,71.95
000178,00812002001,65.76
000203,00850009000,353.54
000208,00863000000,55.78
000244,00930001006,205.18
000248,00930002004,875.76
000252,00930003011,738.05
000253,00930003015,936.95
000272,00986007000,549.09
000348,01276001015,385.66
000365,01312000250,668.68
000368,01323001000,117.69
000370,01332001010,501.37
000377,01362000000,127.85
000382,01375000130,421.53
000387,01375000220,358.75
000392,01375000470,698.87
000431,01449830010,262.19
000435,01457580080,311.76
000444,01460830170,421.53
000456,01510880310,696.58
000463,01513910100,734.29
000473,01537630010,212.22
000474,01538630020,212.22
000477,01548630140,212.22
000478,01548630150,212.22
000479,01548630160,212.22
000489,01612690140,212.22
000491,01622690320,212.22
000492,01629720130,212.22
000493,01632720190,212.22
000495,01645770120,421.53
000501,01651780150,247.53
000502,01653790070,212.22
000513,01733740140,220.03
000519,01784000000,421.53
000532,01881001000,73.22
000537,01909000010,191.95
000541,01917000180,563.53
000553,01978000000,747.38
000555,01978003000,100.76
000563,02045001000,117.44
000568,02049002030,271.18
000569,02049005000,445.3
000575,02059004020,421.53
000588,02101001000,872.67
000595,02164001002,424.29
000597,02166000000,258.6
000598,02168000000,758.9
000599,02168000010,269.36
000601,02179000000,225.54
000612,02215001000,395.72
000617,02229006000,103.3
000620,02230000210,119.26
000623,02260000000,79.8
000625,02270004000,191.95
000626,02271000000,328.45
000627,02273000000,191.95
000637,02374000000,124.8
000646,02409000000,520.19
000651,02436000140,380.94
000652,02436000270,57.64
000654,02441010100,301.09
000655,02441010320,215.83
000656,02443000000,108.67
000661,02456001000,191.95
000670,02490002000,104.65
000677,02534001010,132.86
000684,02535000370,421.53
000690,02555000001,241.03
000695,02572001010,132.86
000706,02618002001,412.19
000709,02632010080,219.94
000710,02632011000,57.64
000713,02650000000,144.74
000714,02650003000,471.5
000725,02712001000,351.36
000726,02714001000,5095.81
000731,02735001000,441.17
000735,02751001000,754.88
000738,02763005002,421.53
000739,02770001010,151.77
000741,02771000000,124.8
000742,02774002000,185.5
000748,02804000000,57.64
000749,02821000000,97.93
000754,02825000011,90.6
000755,02825000012,65.76
000756,02828000040,248.57
000757,02840000010,109.89
000759,02851000000,78.35
000762,02854002000,53.95
000769,02865007003,81.38
000773,02871000000,57.64
000784,02898001030,38.34
000796,02934002000,65.76
000815,02948001000,57.64
000831,03009001040,72.32
000873,03164000270,333.84
000878,03171000040,281.92
000881,03188001000,56.28
000882,03189000000,57.64
000892,03207003001,81.47
000896,03215003070,375.71
000918,03314000031,382.65
000927,03337000000,89.23
000930,03343002000,322.22
000931,03343004000,421.53
000933,03343007001,81.99
000934,03343007002,60.34
000935,03344000000,217.7
000936,03349000000,84.58
000937,03350000000,104.19
000952,03380010230,524.58
000955,03385060010,118.42
000956,03388060090,98.15
000966,03397110120,758.11
000970,03399030013,90.1
000971,03399030017,90.1
000972,03399030019,90.1
000973,03399030022,73.87
000974,03399040001,90.1
000975,03399040003,73.87
000976,03399040004,90.1
000977,03399040011,90.1
000978,03399040020,73.87
000979,03399040022,73.87
000980,03399050010,73.87
000981,03399050011,73.87
000982,03399050018,90.1
000983,03399050023,90.1
000984,03399070000,447.16
000985,03399080001,90.1
000986,03399080009,90.1
000987,03399080011,122.56
000988,03399080015,122.56
000989,03399080019,90.1
000990,03399080021,90.1
000991,03399080023,73.87
000993,03399090013,90.1
000994,03399090024,73.87
000995,03399110109,90.1
000996,03403010070,592.75
000997,03403020010,187.48
000998,03405050110,187.48
000999,03406080010,90.1
001000,03406080050,90.1
001001,03406080080,73.87
001002,03406080090,73.87
001003,03406080120,73.87
001004,03406080160,73.87
001005,03406080170,73.87
001006,03406080200,73.87
001007,03406080210,73.87
001009,03407090080,73.87
001010,03411090120,73.87
001011,03416010010,82.34
001012,03417010020,82.34
001013,03420010110,107.02
001014,03427050010,82.34
001015,03428090030,135.09
001016,03428100010,156.39
001017,03428100030,156.39
001018,03428100050,156.39
001019,03429070000,255.15
001020,03429070050,160.89
001021,03434030010,75.49
001022,03442090220,75.49
001023,03442090230,75.49
001024,03443100030,75.49
001025,03443100060,75.49
001026,03443100110,75.49
001027,03443100200,75.49
001028,03443100220,75.49
001029,03444110010,75.49
001031,03444110170,75.49
001032,03444110180,75.49
001033,03446110220,75.49
001034,03447110230,93.35
001035,03449120070,75.49
001036,03450120080,93.35
001037,03456120200,75.49
001038,03457130010,93.35
001039,03458130030,93.35
001040,03459130050,93.35
001041,03461130090,93.35
001042,03462130110,75.49
001043,03463130120,75.49
001044,03466130170,75.49
001045,03467130180,75.49
001046,03467130190,93.35
001047,03468130210,129.05
001048,03469140010,75.49
001049,03470140020,93.35
001050,03471140040,75.49
001051,03472140050,343.28
001052,03473140210,75.49
001053,03474140220,75.49
001054,03482010050,125.81
001055,03488050110,80.36
001056,03488050130,103.09
001057,03488050190,91.72
001058,03488050220,80.36
001059,03488050240,69
001060,03491080050,103.09
001061,03494080170,103.09
001062,03496080240,80.36
001063,03497090080,137.18
001064,03497090120,80.36
001065,03497090160,80.36
001066,03497090180,69
001086,03532010020,96.7
001089,03549001000,191.95
001092,03599000000,69.81
001093,03607000030,77.94
001110,03714000000,124.8
001112,03721020010,286.25
001117,03737000000,191.95
001118,03737008000,73.22
001129,03828002000,380.84
001140,03867003000,114.52
001150,03892000000,440.51
001153,03897006001,250.95
001159,03919002000,40.24
001160,03934000010,57.69
001165,03987010010,168.37
001168,04005060010,304.76
001171,04108360100,236.58
001173,04139450001,136.37
001175,04143460050,257.02
001181,04215660080,270.7
001191,04307000000,102.44
001193,04328000000,98.42
001194,04336000000,50.34
001195,04347000000,536.88
001197,04349002000,129.84
001198,04351001002,103.8
001233,04541000070,498.1
001236,04555000001,272.52
001237,04555000006,221.55
001242,04573000000,711.53
001243,04586000000,2302.45
001245,04586002000,593.15
001246,04588001000,393.4
001247,04591000000,2034.62
001248,04611000000,1601.52
001252,04617005010,137.18
001253,04619001001,822.57
001254,04619001020,1278.37
001255,04620001000,226.67
001257,04625000000,2285.01
001258,04626001000,101.47
001261,04635004002,217.46
001262,04636001006,1304.88
001265,04665000000,419.57
001267,04668002001,593.39
001270,04675005000,2253.62
001273,04681010090,138.8
001274,04681010100,138.8
001275,04681010220,1064.19
001280,04708004000,104.81
001281,04708005000,882.71
001286,04768001050,1336.58
001288,04789000000,91.1
001289,04795001000,535.99
001293,04808001000,301.09
001298,04843002000,95.29
001299,04843003000,822.57
001301,04848001001,710.67
001302,04848002004,99.61
001305,04850006000,1021.54
001306,04851000000,78.73
001309,04857001000,491.66
001311,04874003000,1088.42
001316,04883003001,96.14
001317,04890000000,1842.91
001319,04893000005,128.82
001321,04894005000,166.43
001322,04897000020,37.94
001326,04915004000,124.8
001327,04915009000,124.8
001328,04921000030,421.53
001329,04921000090,804.98
001332,04921008001,143.41
001333,04926001000,2361.93
001335,04932006002,739.1
001336,04936004000,782.94
001340,04942010030,660.88
001341,04942010100,893.26
001345,04969001002,58.63
001346,04969101260,964.88
001352,04984020012,228.06
001354,04984020170,839.65
001356,04985001000,148.98
001357,05001010110,912.7
001358,05001010120,1203.78
001359,05001030050,1281.36
001361,05001030120,1522.96
001364,05019000000,161.32
001366,05020001000,1222.97
001368,05046001001,297.65
001371,05062000000,137
001372,05063000000,181.21
001373,05064000000,137
001374,05064001000,137
001375,05066000000,120.19
001378,05091000000,394.72
001382,05109004001,456.58
001388,05115000010,99.59
001389,05121002101,532.01
001390,05121002104,421.53
001392,05158000410,169.54
001395,05174000000,1690.79
001396,05175000029,835.58
001398,05175000573,828.17
001402,05183001000,88.03
001403,05183002000,679
001412,05217001000,84.5
001414,05220000501,601.9
001415,05220000562,67.14
001416,05224002002,471.38
001423,05268001000,152.68
001426,05274001000,1272.13
001431,05293010100,2896.06
001434,05303000021,57.64
001446,05343000080,62.92
001447,05347000120,590.97
001449,05358000270,62.92
001450,05366000370,62.92
001454,05376000530,62.92
001455,05378000550,62.92
001456,05398000810,197.54
001458,05400000840,997.2
001459,05404000880,62.92
001460,05405000890,62.92
001461,05407000902,47.45
001462,05414000982,38.17
001463,05417000985,38.17
001464,05425020060,75.47
001465,05432020150,118.95
001467,05441040020,118.95
001469,05443040060,77.62
001471,05452050011,95.65
001472,05455050051,476.82
001473,05458050080,295.99
001474,05461050150,75.47
001475,05462050161,67.03
001479,05475070080,149.12
001480,05478070120,330.85
001481,05479070140,162.41
001482,05489100020,387.32
001484,05496110040,78.95
001485,05503130010,156.41
001487,05511140140,78.95
001488,05532020030,297.55
001490,05537020120,229.89
001492,05542030050,87.86
001493,05545030120,115.78
001494,05546030150,85.62
001499,05567080000,166.98
001502,05582010200,54.04
001503,05589020240,53.83
001505,05599030100,340.6
001506,05601030500,358.03
001510,05610030670,135.03
001511,05612040710,77.53
001513,05616040770,77.53
001514,05617040860,129.24
001515,05621040900,145.87
001520,05735030300,111.4
001521,05746040200,369.91
001524,05768040050,247.51
001527,05787090060,112.79
001530,05807150022,193.62
001533,05818170012,85.87
001534,05823180010,483.21
001537,05837200050,139.73
001539,05860260002,40.89
001540,05869010061,352.91
001542,05875020080,204.06
001543,05882080011,123.09
001547,05903030011,163.64
001549,05904030021,290.8
001550,05906030040,86.08
001554,05936110030,267
001563,05969170042,855.49
001564,05971180011,236.4
001567,05991210042,1570.31
001569,06005230020,2700.56
001572,06048110041,141.15
001574,06053120010,90.5
001575,06054120020,193.91
001577,06061010082,878.17
001578,06061010083,502.59
001579,06061010084,794.57
001580,06063020021,44
001582,06072040012,1299.18
001583,06073040031,316.41
001584,06074040032,105.96
001586,06076040071,108.77
001587,06079040081,105.96
001588,06086050120,326.32
001592,06096080030,110.9
001593,06098080070,1481.14
001594,06100080120,384.1
001596,06114000080,89.73
001599,06153020010,1433.45
001600,06153020011,217.27
001602,06169030100,154.14
001604,06178030240,83.41
001605,06179030250,81.9
001606,06180030260,141.31
001607,06184040040,82.88
001608,06184040050,125.29
001609,06184040051,78.65
001613,06207410130,113.05
001614,06210420070,75.97
001615,06212420090,831.61
001616,06212420100,79.49
001617,06213420000,617.05
001618,06217430040,133.16
001619,06222430130,93.59
001621,06272100030,121.95
001628,06339010041,1418.15
001629,06341010070,2496.23
001630,06341010111,58.4
001632,06371060011,3683.17
001633,06393070200,4487.77
001634,06423130011,125.4
001642,06516210100,1345.47
001644,06520210050,68.95
001645,06524210100,82.86
001647,06528210151,209.01
001648,06529210200,82.39
001649,06581260041,2702.02
001650,06586270002,3782.36
001653,06597320310,492.2
001655,06611340090,734.24
001656,06612340111,63.98
001657,06614340113,72.93
001658,06623390080,73.98
001659,06627400040,79.99
001660,06628400050,1090.77
001663,06646450010,1889.98
001665,06649460010,4929.96
001666,06672500050,1469.99
001667,06674500070,933.88
001668,06682500170,70.68
001672,06709520210,978.34
001676,06738550000,6050.77
001679,06765570180,3010.43
001680,06785610010,1637.99
001681,06813650090,183.95
001682,06813650091,44.47
001683,06825680051,136.87
001684,06826680052,187.74
001685,06831680056,325.02
001686,06854700011,3498.69
001687,06862700016,3257.2
001688,06862700017,3416.42
001689,06862700018,521.2
001691,06872700131,70.38
001692,06876710011,199.92
001693,06878710020,339.05
001694,06880710040,912.31
001695,06881710050,190.32
001696,06884710080,191.93
001698,06902710250,62.37
001699,06905710290,857.8
001700,06908710330,303.1
001704,06922720050,79.99
001705,06926720082,241.98
001706,06930720090,112.98
001707,06931720110,141.58
001708,06935720133,1524.56
001709,06947720350,55.11
001710,06957730040,48.81
001711,06959730070,75.59
001712,06965730131,184.99
001713,06966730132,51.19
001717,06972730180,127.96
001718,06993740134,125.29
001719,07018020010,63.65
001720,07019020020,63.65
001721,07028040070,60
001722,07039110010,49.62
001723,07046020010,137.25
001724,07048020040,80.51
001725,07050020091,39.47
001728,07069010045,1737.38
001730,07070010041,108.77
001731,07071010071,109.95
001732,07075020021,135.97
001735,07101050060,1000.67
001738,07107060050,388.01
001741,07117100010,148.85
001742,07127130020,84.16
001743,07129130032,63.67
001744,07136020030,795.79
001745,07144020101,1614.81
001746,07146030021,57.19
001749,07160050040,66.46
001750,07185000000,256.97
001751,07193000000,1219.21
001752,07195000000,493.71
001754,07249000000,1270.46
001755,07264000000,38.02
001756,07290070020,533.3
001758,07310120080,1536.84
001760,07332000000,926.1
001763,07367000000,4026.19
001764,07380000000,4620.96
001766,07381000010,781.89
001767,07417000010,424.76
001769,07425000120,215.91
001770,07426000200,131.15
001771,07429000240,301.51
001775,07437000410,248.55
001779,07471010030,2238.76
001784,07532060100,247.87
001786,07560020050,2618.11
001789,07582020060,1445.73
001797,07751090081,164.51
001800,07788000000,67.99
001801,07799030022,42.66
001805,07826030420,4303.14
001809,07901000000,48
001810,07904000000,309.84
001811,07906000000,151.68
001812,07913000000,302.93
001814,07917001000,774.5
001815,07930000000,1106.56
001817,07964000000,44
001818,07965000000,48
001819,07985000000,48
001820,07989000000,1671.55
001821,08004000000,71.98
001822,08005000000,71.98
001824,08013000000,71.98
001825,08015001000,71.98
001827,08018001000,71.98
001828,08021000000,1377.87
001829,08053010011,48
001831,08063001000,71.21
001832,08079010020,79.99
001834,08083020180,2702.51
001836,08083020210,79.99
001840,08172000000,1245.18
001841,08173000000,660.06
001842,08174000010,455.96
001844,08174000050,454.34
001845,08174000070,456.24
001846,08174000090,694.46
001847,08174000110,526.77
001848,08193000000,1327.82
001849,08211030030,2249.53
001854,08253004003,675.07
001855,08254001001,260.88
001856,08256010280,252.41
001857,08256010320,252.41
001858,08256010370,252.41
001859,08256010380,252.41
001860,08256010410,252.41
001861,08257020180,334.14
001864,08282020130,991.7
001866,08287000060,1419.67
001869,08300000040,1559.35
001871,08300000060,1158.31
001876,08309002090,593.12
001879,08316000230,552.2
001880,08321000080,555.5
001882,08321001078,364.61
001884,08323000090,881.85
001885,08325000070,790.09
001887,08339040220,910.13
001889,08339201090,862.14
001894,08361000770,72.24
001895,08361006003,60.34
001896,08370002000,138.69
001898,08379000000,1148.78
001900,08409004000,828.02
001902,08409018001,767.6
001903,08409020000,1352
001909,08453001003,1309.16
001910,08453001005,1689.54
001913,08461002000,1001.82
001914,08469000010,2233.34
001915,08469003001,63.01
001917,08471000000,155.67
001920,08481003000,3115
001921,08486000000,1397.27
001923,08491000110,1944.83
001927,08496002000,1202.8
001929,08496005000,1055.8
001930,08498001000,543.86
001931,08526000010,1755.92
001932,08529001000,65.76
001935,08536000021,696.92
001936,08542002001,555.82
001945,08598000000,942.92
001949,08598003010,93.91
001950,08600000010,1181.12
001955,08631002000,958.8
001956,08638000000,2190.8
001960,08654000002,226.66
001962,08654000004,191.95
001963,08654000005,191.95
001965,08685002010,2311.85
001968,08699000000,104.47
001970,08699008000,131.57
001971,08699010000,99.95
001972,08702000000,1440.87
001975,08711002000,1726.2
001978,08721001000,1207.22
001979,08721006000,370.58
001982,08731003002,1728.55
001986,08737000010,57.39
001994,08753000020,813.23
001995,08758001010,1847.24
001996,08765000050,166.31
001997,08765000060,864.45
001998,08765000070,166.31
002001,08765000350,605.91
002003,08766005000,63.01
002006,08776004000,220.16
002008,08783002000,1379.35
002009,08783002010,822.57
002010,08783002020,891.23
002012,08802010040,392.63
002016,08805001001,1077.92
002019,08807004006,358.49
002020,08807005001,1113.12
002021,08815004010,65.76
002022,08819000000,153
002023,08821002004,1555.46
002027,08831002002,1713.48
002032,08844030400,1015.38
002034,08854000000,77.87
002038,08887000020,855.44
002039,08887000030,855.44
002040,08887000040,1553.33
002041,08887000700,918.42
002042,08887001000,1342.13
002043,08891005000,569.46
002044,08892000000,2242.36
002045,08892001000,57.64
002046,08894000010,1179.18
002048,08894002000,617.59
002060,08921001003,869.85
002061,08921001007,2368.39
002063,08927001000,965.04
002066,08942040030,714.79
002067,08942040140,707.2
002068,08942050110,634.72
002069,08942050170,732.93
002070,08942050180,636.52
002072,08946020030,929.86
002079,08989000010,1687.78
002083,08995003000,1520.27
002090,09038000020,96.34
002092,09053001000,40.24
002094,09060005000,45.31
002095,09061010030,855.74
002097,09061020060,867.99
002105,09071010010,1689.23
002107,09071020130,847.33
002108,09071020140,386.3
002109,09071020200,386.3
002110,09071030010,562.21
002114,09071030250,337.85
002115,09071030260,1365.75
002117,09071040140,1142.22
002119,09071070110,786.05
002121,09076000110,696.92
002122,09081010310,421.53
002123,09081010330,627.3
002130,09081050020,1050.84
002133,09081050380,1448.14
002134,09081060060,547.4
002139,09085000110,267.98
002140,09085000230,269.84
002142,09106010040,317.32
002144,09108010030,2213.39
002152,09108050010,1400.72
002153,09108050080,1231.39
002154,09108050140,203.52
002155,09108050320,1292.22
002156,09108050350,747.48
002157,09109000000,273.23
002159,09109010030,571.33
002161,09109010140,421.53
002164,09109010270,454.06
002165,09109020190,689.96
002167,09109020270,981.74
002170,09109020431,686.42
002172,09109030260,151.82
002173,09109030270,577.7
002175,09109040040,152.96
002177,09109050111,301.09
002183,09121010200,1425.76
002186,09121030190,1568.99
002187,09121030200,606.97
002188,09121030330,434.32
002191,09121040080,464.32
002195,09121050100,1627.66
002197,09121050222,421.53
002199,09121050320,643.37
002202,09123000000,169.3
002203,09125000000,933.07
002205,09127000000,983.76
002208,09136020380,541.11
002210,09136030230,379.43
002211,09136030240,723.83
002212,09136030250,379.43
002213,09147001200,191.95
002217,09150010050,441.55
002218,09150010090,490.97
002222,09150010310,171.25
002223,09150010320,171.25
002224,09150010330,171.25
002230,09150030230,1131.42
002234,09150030430,544.25
002235,09150030440,331.92
002236,09150030450,366.01
002241,09169000000,1357.78
002242,09190002001,473.49
002244,09199001000,830.17
002246,09209000140,326.41
002247,09213000180,292.09
002248,09221000451,200.46
002249,09221000550,326.41
002250,09221000560,326.41
002252,09222000920,209.77
002253,09222000960,209.77
002254,09222000970,209.77
002255,09222000990,209.77
002256,09222001030,209.77
002257,09222001120,209.77
002259,09222001350,209.77
002260,09222001360,361.87
002262,09222001470,292.09
002263,09222001480,292.09
002264,09222001490,344.42
002265,09222001500,292.09
002266,09222001530,326.41
002267,09222001540,209.77
002268,09222001550,361.87
002269,09222001620,326.41
002270,09222001630,209.77
002271,09222001640,326.41
002272,09222001670,292.09
002273,09231000260,520.04
002274,09231000290,489.46
002276,09278000260,2517.98
002278,09306000200,629.28
002279,09341050090,99.08
002280,09343060040,140.53
002282,09343060090,112.41
002283,09343060100,705.24
002285,09346070290,99.08
002286,09349070130,99.08
002287,09358080030,99.08
002288,09360080190,797.33
002289,09360090010,99.08
002290,09360090100,748.32
002291,09365100010,770.22
002292,09368100250,140.53
002293,09373110090,140.53
002294,09373110110,114.45
002295,09373110230,99.08
002296,09376110380,99.08
002297,09379110450,114.45
002298,09380110540,99.08
002299,09383110570,114.45
002300,09386120010,99.08
002301,09387120040,99.08
002302,09388120060,149.19
002303,09389120130,99.08
002304,09389120150,99.08
002306,09389120340,99.08
002307,09389120350,99.08
002308,09391120410,99.08
002310,09391120500,99.08
002311,09391130040,545.84
002312,09391130140,99.08
002313,09391130150,140.53
002314,09396130320,99.08
002315,09397130350,223.42
002316,09397140050,112.41
002317,09397140060,103.41
002318,09397140200,114.45
002319,09399140380,306.3
002320,09400150070,112.41
002321,09404160010,140.53
002322,09406160040,99.08
002323,09406160080,112.41
002324,09406160120,112.41
002325,09406160210,99.08
002326,09407160260,99.08
002327,09408160300,99.08
002328,09411160410,99.08
002329,09412170040,99.08
002330,09412170050,99.08
002331,09412170060,99.08
002332,09412170070,99.08
002333,09412170100,99.08
002334,09412170110,99.08
002335,09414170160,99.08
002336,09414170170,99.08
002337,09414170180,99.08
002338,09415170290,99.08
002339,09415170390,171.25
002340,09415170420,389.19
002341,09415170510,99.08
002342,09415170520,99.08
002343,09415170530,99.08
002344,09415170540,99.08
002345,09415170550,99.08
002346,09415170560,99.08
002347,09415180110,99.08
002348,09415180170,394.69
002351,09415180220,398.47
002352,09415180290,259.85
002353,09415180310,398.47
002354,09420180470,394.69
002356,09441010170,140.53
002358,09444040240,99.08
002359,09444050130,99.08
002360,09444050230,99.08
002362,09445060040,103.41
002363,09445060050,103.41
002364,09445060060,103.41
002365,09445060190,140.53
002366,09445060270,140.53
002367,09445060320,114.45
002368,09445070270,306.3
002369,09445080110,114.45
002370,09445080140,103.41
002371,09445080150,103.41
002372,09445080160,103.41
002373,09445080170,103.41
002374,09445080180,103.41
002375,09445080190,103.41
002376,09445080230,99.08
002379,09446100060,223.42
002380,09446100130,221.92
002381,09446100170,99.08
002382,09450110150,140.53
002384,09450110290,99.08
002385,09451110280,99.08
002386,09452120050,114.45
002387,09452120140,99.08
002388,09453130210,99.08
002389,09454140080,394.69
002390,09454140090,394.69
002391,09458010190,99.08
002393,09468030110,140.53
002394,09470050040,103.41
002395,09470050050,223.42
002396,09470050090,746.09
002397,09470050110,171.25
002398,09470050170,99.08
002399,09470070110,99.08
002400,09470070150,99.08
002401,09470070180,99.08
002402,09470070190,140.53
002403,09470080060,114.45
002404,09470080090,149.19
002406,09473100090,99.08
002407,09473100100,99.08
002408,09473100110,112.41
002412,09473100320,718.96
002413,09473110060,264.87
002417,09473120200,1723.03
002418,09474130010,223.42
002420,09474130360,99.08
002421,09474140010,181.96
002422,09474140040,103.41
002423,09474140050,103.41
002424,09474140110,112.41
002425,09474140120,112.41
002426,09474140200,99.08
002427,09474140210,99.08
002428,09474140290,99.08
002430,09474150100,99.08
002431,09474160210,140.53
002432,09474170120,167.16
002434,09475180050,93.35
002435,09475180160,99.08
002436,09475180180,264.87
002437,09475190010,306.3
002438,09475190080,181.96
002439,09477190200,99.08
002440,09480200240,99.08
002441,09480200250,99.08
002442,09480200260,223.42
002443,09480210010,240.72
002444,09481210120,99.08
002445,09483210260,99.08
002446,09487010120,1069.58
002447,09487010140,220.22
002451,09490020120,957.01
002452,09492030150,1857.74
002453,09492040010,191.27
002456,09504050150,124.45
002457,09505050200,124.45
002458,09506060050,421.53
002459,09511060110,124.45
002460,09515070070,124.45
002462,09527080070,398.47
002464,09528080140,191.27
002465,09531090010,774.41
002466,09535090080,124.45
002467,09540090160,191.27
002468,09545100080,191.27
002469,09552110060,191.27
002470,09556120110,124.45
002472,09558130030,124.45
002475,09566000008,650.08
002477,09568001000,408.22
002480,09602002001,2891.53
002481,09603000000,421.56
002484,09628001010,743.82
002485,09634010010,506.65
002493,09675010010,538.59
002495,09681000010,299.76
002497,09684001020,702.77
002499,09691002010,1600.95
002501,09704000060,3092.86
002502,09705010030,568.81
002503,09705010050,562.79
002506,09723000000,1478.77
002510,09743006001,587.18
002513,09763010090,421.53
002514,09763020081,1156.49
002515,09763020100,1135.15
002516,09763040020,1228
002519,09773001000,972.54
002520,09773004000,811.05
002521,09774001000,1616.74
002524,09792010030,437.42
002525,09792020000,154.35
002527,09801001010,4454.27
002528,09803000000,4435.1
002530,09808000130,981.81
002531,09808010100,982.79
002532,09808010180,1015.87
002533,09808010200,593.27
002534,09813000000,1582.88
002535,09816010020,1154.57
002536,09816010040,765.04
002537,09817006000,421.53
002538,09817100030,1579.21
002540,09817100310,257.27
002541,09817100320,709.63
002543,09817200100,411.53
002544,09817200130,375.02
002549,09825000000,1121.42
002550,09830000000,654.91
002552,09838010010,770.41
002553,09839003000,1023.68
002554,09839003001,1595.03
002556,09845000010,191.95
002559,09846002002,287.16
002560,09847004015,787.98
002561,09863001000,684.39
002566,09873002002,625.88
002568,09879000000,1084.89
002571,09883000000,517.27
002573,09885001013,1002.35
002574,09886002000,1340.22
002575,09889006000,779
002576,09889006001,76.44
002577,09889009000,835.64
002582,09897002000,773.86
002583,09897003030,708.7
002584,09897005000,727.37
002586,09900000170,3214.89
002587,09900000191,946.63
002589,09907000200,649.32
002592,09913001012,429.35
002594,09928000010,1654.01
002598,09941005004,1133.69
002603,09949001000,1448.25
002604,09949010060,985.14
002605,09953000010,969.72
002607,09961004000,2675.85
002608,09961007000,471.66
002609,09975000000,531.46
002610,09975000003,767.54
002611,09978000000,1561.15
002614,09993001020,867.03
002621,09993020040,1059.92
002622,09993030010,1088.71
002623,09993030011,857.21
002625,09998000000,549.32
002626,10002003000,931.06
002628,10003000000,668.36
002629,10003006000,2406.37
002630,10004001010,2908.81
002632,10009000001,767.17
002633,10025005000,1248.74
002634,10025005001,721.56
002635,10025005002,246.54
002636,10025005006,326.25
002639,10041002000,916.88
002641,10049003000,937.9
002642,10049007000,1873.66
002643,10059001000,1895.59
002644,10060000010,713.09
002646,10098001000,549.56
002647,10103003000,1526.65
002648,10103004001,807.72
002649,10119000000,1740.02
002650,10125000290,481.48
002653,10127000000,1450.66
002655,10144001000,5464.28
002656,10150002000,1228.27
002657,10152002002,521.42
002659,10172000040,396.83
002661,10189001000,2200.69
002664,10198001000,162.81
002665,10200000000,1250.67
002667,10212001010,864.79
002669,10212001210,2313.41
002670,10216001000,140.41
002671,10222001000,1386.08
002673,10234002100,822.57
002674,10244000001,1085.78
002675,10244003004,421.53
002676,10262000051,1583.77
002677,10262010020,1252.77
002678,10262020203,576.99
002681,10313005000,421.53
002683,10320001000,152.49
002684,10332000000,3162.97
002685,10334000000,834.26
002687,10351001000,1522.59
002688,10353000070,918.42
002690,10353001001,145.98
002691,10373020171,1327.82
002692,10384000000,285.19
002694,10390001000,519.7
002695,10392001000,602.16
002697,10413010040,596.07
002698,10413020090,2418.02
002699,10421000000,1843.82
002700,10421000020,765.97
002701,10421010040,885.37
002702,10422004000,712.49
002703,10430000000,712.4
002704,10430005000,247.22
002705,10434000100,858.19
002706,10434001000,599.25
002707,10438001000,518.26
002709,10454004000,1563.41
002710,10459000010,47.82
002714,10492000030,695.96
002716,10492000160,988.59
002717,10492000210,1409.59
002718,10492000230,1270.27
002719,10494000000,57.64
002720,10494000060,816.01
002721,10498000000,537.73
002722,10504000100,1237.88
002723,10510005000,71.21
002726,10512003001,1207.32
002727,10512004000,830.04
002728,10515009004,936.09
002729,10518003000,5233.83
002732,10519005000,2671.44
002735,10533000000,778.16
002737,10560000207,500.06
002738,10560000209,500.06
002740,10562000000,1364
002741,10562002000,1198.96
002742,10580000010,78.26
002745,10591001000,874.61
002746,10593001000,350.68
002747,10593002000,2410.25
002748,10601004020,134.62
002749,10605010150,969.89
002750,10607001000,1336.37
002752,10614020020,1487.74
002753,10614020040,1778.41
002754,10614020070,187.48
002755,10614020080,225.86
002756,10614020090,187.48
002757,10628001000,954.71
002758,10630001000,1198.8
002759,10636000160,587.18
002761,10647010030,476.31
002762,10647010060,476.31
002763,10647010080,137.71
002765,10648000060,473.59
002766,10648000180,611.3
002767,10648000200,787.98
002768,10648001001,5092.3
002769,10648001010,145.65
002770,10648003000,1043.14
002771,10651000000,2060.14
002772,10655015000,648.48
002773,10664000010,535.99
002774,10665000100,1253.85
002775,10665003000,1101.23
002776,10665003001,955.66
002777,10665005000,167.77
002779,10683001010,1371
002782,10695002002,2031.46
002784,10716000000,613.44
002785,10717000240,1478.09
002788,10717020090,1387.7
002789,10717020180,364.42
002790,10717020190,358.3
002791,10717020200,374.25
002792,10717020210,423.17
002793,10717020220,1137.46
002794,10717020320,364.42
002795,10720001040,1383.08
002796,10720010150,950.35
002797,10722001007,950.14
002798,10725000010,2275.84
002799,10727000030,236.34
002800,10727000070,817.52
002801,10727000170,814.53
002802,10727000300,153.83
002803,10727000350,803.06
002804,10727000510,952.31
002805,10727000600,160.22
002806,10727000660,170.12
002807,10727000670,167.57
002810,10732010030,1304.65
002811,10732010040,800.14
002812,10732010360,810.47
002814,10732020040,185.1
002815,10732020050,185.1
002816,10732020060,231.73
002817,10732020200,185.1
002818,10734003000,1574.28
002820,10739001000,389.24
002821,10739002000,175.83
002822,10784000280,261.61
002823,10785000290,711.31
002826,10807000510,378.98
002828,10813000570,162.56
002829,10821000650,162.56
002830,10826000700,162.56
002831,10828000720,162.56
002832,10829000730,162.56
002833,10830000740,162.56
002834,10831000750,162.56
002835,10834000780,162.56
002838,10860001052,414.7
002839,10863020140,693.12
002841,10866002000,518.15
002842,10866006000,970.86
002844,10882000120,197.03
002847,10897010070,195.6
002848,10897010110,195.6
002855,10915002010,239.94
002857,10939001050,996.2
002858,10939100120,553.05
002859,10946000030,412.63
002860,10946000060,421.53
002863,10949001001,669.6
002864,10952002000,822.57
002865,10953000000,780.86
002867,10961010050,879.57
002868,10961010140,841.45
002869,10961010330,261.31
002870,10978000000,538.98
002871,10978001000,1385.52
002873,10981100040,1159.78
002875,10981100160,799.68
002876,10981100230,942.28
002882,10982000300,382.24
002884,10997004040,871.09
002885,10997004050,957.33
002887,11016000000,1042.63
002888,11016000060,856.7
002893,11016004000,1212.14
002906,11018007001,421.53
002907,11018008000,1867.41
002910,11093003000,1045.22
002911,11106000000,2345.8
002912,11106001000,440.32
002915,11130001000,577.91
002917,11130004000,841.03
002918,11130005000,989.74
002919,11132001003,587.18
002920,11138003000,599.66
002921,11145000090,70.63
002922,11149003002,582.38
002925,11149003029,981.48
002926,11149004003,3186.68
002928,11149004012,231.37
002929,11149004023,231.37
002930,11169001000,1043.92
002932,11189001000,1114.56
002934,11189031000,1184.71
002935,11199001002,2150.04
002939,11227002010,1032.01
002940,11227010050,692.36
002941,11227020040,1261.13
002942,11227030020,767.84
002943,11227030030,992.05
002946,11241002010,191.95
002948,11241002040,191.95
002950,11257002000,1307.95
002952,11269002010,935.67
002953,11269002020,935.67
002954,11271000000,1037.49
002955,11271003000,66.08
002957,11275001000,1764.96
002958,11283001000,1771.7
002960,11313001000,169.62
002961,11316000000,1233.32
002962,11318000000,1834.44
002963,11324000000,1175.23
002964,11332000000,632.8
002968,11368000030,974.81
002969,11368000300,701.52
002972,11369000240,320.25
002974,11373006000,65.76
002975,11378000000,1238.26
002976,11379006000,1128.05
002977,11381002000,767.4
002978,11383020010,96.61
002979,11388040010,77.12
002980,11389070030,77.12
002981,11390070050,77.12
002982,11393000000,683.32
002984,11438250030,103.09
002986,11446270020,103.09
002989,11467330020,118.58
002991,11473330130,1013.46
002992,11482340120,88.11
002995,11498370010,88.11
002996,11503380010,88.11
002997,11503380020,88.11
003000,11521430110,88.11
003001,11521430150,88.11
003003,11524450010,179.5
003004,11531470010,240.45
003006,11535480090,1049.71
003007,11536480040,88.11
003008,11538480120,421.53
003009,11541490030,421.53
003010,11543490090,1483.98
003014,11548500080,88.11
003016,11554510070,88.11
003018,11570560060,88.11
003019,11571570010,270.92
003020,11573570070,88.11
003021,11573570080,88.11
003022,11573570090,88.11
003023,11575580010,118.58
003025,11577580030,118.58
003026,11578590070,88.11
003027,11583600040,861.72
003029,11586600090,712.78
003030,11599700000,487.47
003031,11599700090,1528.73
003033,11606730090,1162.13
003036,11648890080,88.11
003037,11648890110,707.9
003038,11651000010,117.98
003040,11663005000,1736.61
003041,11665000030,225.4
003042,11665000040,1280.19
003043,11666000113,1433
003044,11666000116,421.53
003045,11681006000,199.01
003046,11694000080,664.13
003050,11695002060,1167.43
003052,11715000000,631.52
003054,11727003000,526.39
003055,11727003010,493.01
003058,11747002007,191.95
003059,11747002017,1315.36
003060,11749003010,326.25
003065,11771000290,122.56
003067,11773000470,1276.39
003068,11777000000,1617.25
003070,11783000060,294.28
003071,11787000000,1582.82
003072,11788020030,457.1
003073,11788020150,450.49
003074,11788020220,2615.39
003075,11789000000,1475.73
003078,11793001010,491.2
003079,11798010060,1212.75
003080,11798010170,171.25
003081,11798010210,1148.17
003084,11801001000,3384.11
003086,11803000000,1071.28
003089,11807000000,1327.14
003091,11808002000,616.31
003092,11809003000,885.11
003096,11832010010,1549.89
003097,11835001000,1275.35
003100,11841001000,854.98
003101,11841001001,1691.47
003102,11852000000,1627.52
003106,11859000000,114.45
003108,11867000080,799.55
003109,11870000100,572.19
003111,11870001030,637.62
003114,11870003010,696.03
003115,11870003030,1043.16
003116,11870003230,681.57
003119,11870007000,1002.91
003121,11875000000,893.07
003125,11884010010,591.34
003126,11886000000,523.35
003127,11886001000,1286.48
003130,11895000030,1101.18
003134,11903001011,684.39
003136,11914001000,1859.88
003137,11918000070,256.57
003139,11918000390,352.7
003142,11919000000,421.53
003143,11923002010,1375.12
003144,11929002000,2840.34
003146,11930000100,389.46
003147,11933000000,483.23
003149,11939001000,915.59
003150,11943002000,1083.33
003151,11953009000,436.07
003153,11955020111,334.43
003154,11955020112,380.94
003155,11955020113,334.43
003158,11957001015,1506.01
003159,11958003000,1188
003161,11963000000,1854.31
003162,11967000000,738.98
003165,11973000000,4687.35
003173,11994006001,174.82
003174,11994006002,38.13
003175,11996001190,1174.58
003176,11996001210,254.53
003177,11996001340,718.16
003178,11996001370,1182.38
003179,11996001380,1223.93
003180,11996001390,714.95
003181,11996001400,1078.83
003182,11996001410,2537.92
003184,11996003040,536.46
003185,11996003100,1153.54
003186,11996003140,1226.45
003188,11996003390,1244.63
003189,11996003410,765.38
003190,11999004200,1217.42
003194,12000007001,65.76
003195,12000010010,853.29
003197,12000012001,922.72
003199,12015000000,1462.42
003201,12030007003,2025.68
003204,12047080010,930.54
003207,12071010100,448.19
003208,12071010310,1682.22
003209,12071010380,2418.47
003212,12071030130,1886.38
003214,12071030460,952.91
003216,12074002001,1196.23
