RA_ITEMID	ADVNUM	BLOCK	LOT	QUAL	TOTAL_IN_SALE	PERCENTAGE_BID	PREMIUM_BID
191051	000001	1	3		157.18		
191052	000002	1	11		3333		
191053	000003	3	3		548.84		
191054	000004	3	10		784.41		
191055	000005	5	15		385.85		
191056	000006	6	26		787.9		
191057	000007	7	8		1154.86		
191058	000008	7	22		6988.92		
191059	000009	8	16		155		
191060	000010	8	21		397.73		
191061	000011	10	1		628.98		
191062	000012	10	2		688.55		
191063	000013	10	3		269.04		
191064	000014	10	22		511.48		
191065	000015	10	27		593.36		
191066	000016	12	22		155		
191067	000017	13	3		2432.95		
191068	000018	13	7		49238.02		
191069	000019	14	16		394.96		
191070	000020	14	17		678.06		
191071	000021	16	8		3770.83		
191072	000022	16	9		14518.63		
191073	000023	16	10		220		
191074	000024	16	15		155.45		
191075	000025	16	16		508.09		
191076	000026	16	26		335.61		
191077	000027	18	5		822.04		
191078	000028	20	12		266.98		
191079	000029	21	1		331.18		
191080	000030	21	3.01		772.23		
191081	000031	22	16		929.89		
191082	000032	24	2		312.6		
191083	000033	24	11		155		
191084	000034	25	7		800.02		
191085	000035	27	8		609.06		
191086	000036	27	12		269.62		
191087	000037	28	1.02		1374.62		
191088	000038	29	7		95.41		
191089	000039	29	17		473.12		
191090	000040	30	7		704.05		
191091	000041	30	12		514.16		
191092	000042	31	13		608.27		
191093	000043	31	17		610.01		
191094	000044	32	13		503.98		
191095	000045	33	15		13324.72		
191096	000046	35	4		204.39		
191097	000047	35	16		211.25		
191099	000049	37	1		261.03		
191101	000051	40	34		880.93		
191102	000052	40	35		1320.7		
191103	000053	40	47		1142.38		
191104	000054	41	1		12371.83		
191105	000055	41	19		205.14		
191106	000056	41	23		1417.24		
191107	000057	41	38		1350.31		
191108	000058	42	4		592.71		
191109	000059	42	13		748.56		
191110	000060	45	10		887.28		
191111	000061	50	1		5439.76		
191112	000062	51	2		15447.62		
191113	000063	51	28		6365.46		
191114	000064	51	30		753.47		
191115	000065	51	33		155		
191116	000066	52	1.01		485.04		
191117	000067	52	8		1338.05		
191118	000068	52	12		717.39		
191119	000069	53	1		390.35		
191120	000070	53	2		728.21		
191121	000071	53	4		220		
191122	000072	53	6		444.22		
191123	000073	53	8		100		
191124	000074	53	16		155		
191125	000075	55	7		738.2		
191126	000076	56	4		220		
191127	000077	56	5		748.92		
191128	000078	59	6		12749.13		
191129	000079	59	10		420.07		
191130	000080	60	1		1095.66		
191131	000081	60	2		4004.21		
191132	000082	60	4		3501.55		
191133	000083	61	6		155		
191134	000084	61	10		270.14		
191135	000085	61	15		4592.05		
191136	000086	62	2		717.77		
191137	000087	62	5		924.64		
191138	000088	62	7		858.92		
191139	000089	62	8		1980.11		
191140	000090	63	2		289.74		
191141	000091	64	3		241.77		
191142	000092	64	7		8274.28		
191143	000093	65	5		7289.14		
191144	000094	65	11		155		
191145	000095	66	7		438.76		
191146	000096	67	4		668.13		
191147	000097	68	9		356.82		
191148	000098	69	20		15768.71		
191149	000099	72	10		511.93		
191150	000100	73	3		220		
191151	000101	73	4		928.92		
191152	000102	73	12		12115.46		
191153	000103	74	3		450.28		
191154	000104	74	15		155		
191155	000105	75	4		680.79		
191156	000106	75	6		350		
191157	000107	76	9		135.71		
191158	000108	76	13		577.17		
191159	000109	76	16		1055.31		
191160	000110	77	5		335.14		
191161	000111	77	6		364.58		
191162	000112	78	3		4468.57		
191163	000113	78	11		3779.06		
191164	000114	79	8		6438.45		
191165	000115	81	1		6389.51		
191166	000116	81	3.01		1045.43		
191167	000117	81	6		1020.83		
191168	000118	85	2		820.44		
191169	000119	85	5		874.85		
191170	000120	85	10		12592.62		
191171	000121	87	4		425.14		
191172	000122	87	9		714.34		
191173	000123	87	12		668.09		
191174	000124	88	4		236.98		
191175	000125	91	4		3227.78		
191176	000126	92	3		227.93		
191177	000127	92	5		620.25		
191178	000128	96	4		1053.64		
191179	000129	96	6		334.62		
191180	000130	96	8		269.62		
191181	000131	96	9		599.6		
191182	000132	97	10		1051.05		
191183	000133	98	11		8511.5		
191184	000134	98	13		481.36		
191185	000135	99	5		1008.27		
191186	000136	99	9		8919.4		
191187	000137	99	11.01		776.19		
191188	000138	100	11		11967.98		
191189	000139	101	12		905.43		
191190	000140	103	12		426.84		
191191	000141	103	16		611.8		
191192	000142	103	20		3878.68		
191193	000143	104	1		2217.84		
191194	000144	104	2		510.11		
191195	000145	105	16		115		
191196	000146	106	17		3011.75		
191197	000147	107	2		575.75		
191198	000148	107	14		406.39		
191199	000149	108	1		270.14		
191200	000150	108	2		508.97		
191201	000151	109	7		450.28		
191202	000152	110	7		269.55		
191203	000153	110	12		367.79		
191204	000154	113	2		325.66		
191205	000155	113	4		380.74		
191206	000156	113	16		155		
191207	000157	114	1		709.61		
191208	000158	114	13		6152.19		
191209	000159	114	16		15467.28		
191210	000160	116	11		1460.91		
191211	000161	116	12		7499.8		
191212	000162	116	13		6321.43		
191213	000163	116	15		587.23		
191214	000164	116	17.01		944.69		
191215	000165	116	21		270.14		
191216	000166	117	4		334.62		
191217	000167	117	20		319.29		
191218	000168	117	21		335.14		
191219	000169	118	3		924.61		
191220	000170	118	17		311.36		
191221	000171	118	18		271.82		
191222	000172	119	3		199.22		
191223	000173	119	13		4850.15		
191224	000174	120	2		270.14		
191225	000175	120	3		268.83		
191226	000176	120	23		533.02		
191227	000177	121	8		780.83		
191228	000178	121	11		999.21		
191229	000179	121	20		635.02		
191230	000180	123	3		1238.65		
191231	000181	123	8		270.14		
191232	000182	123	10		1088.74		
191233	000183	123	13		4099.54		
191234	000184	123	14		155		
191235	000185	124	10		546.64		
191236	000186	124	14		270.14		
191237	000187	125	1		1330.81		
191238	000188	125	7		555.22		
191239	000189	125	8		155		
191240	000190	125	11.01		155		
191241	000191	125	20		1871.75		
191242	000192	127	5		751.24		
191243	000193	128	9		121		
191244	000194	129	14		587.66		
191245	000195	129	20		693.77		
191247	000197	132	12		584.73		
191248	000198	132	19		416.54		
191249	000199	134	7		270.14		
191250	000200	135	12		492.49		
191251	000201	135	20		565.46		
191252	000202	137	6		396.18		
191253	000203	137	10		266.03		
191254	000204	140	10		560.5		
191255	000205	141	4		190.97		
191256	000206	141	5		884.49		
191257	000207	143	10		461.91		
191258	000208	143	19		319.11		
191259	000209	144	14		237.82		
191260	000210	144	19		237.23		
191261	000211	147	19.03		473.01		
191262	000212	148	1		466.92		
191263	000213	148	2		420.24		
191264	000214	148	5		396.18		
191265	000215	148	7		658.04		
191266	000216	148	16		938.4		
191267	000217	150	12		1351.85		
191268	000218	151	7.01		100		
191269	000219	152	10		820.23		
191270	000220	152	11		1814.83		
191271	000221	152	14		155		
191272	000222	152	19		624.14		
191273	000223	153	12		350		
191274	000224	154	3		592.52		
191275	000225	154	11		580.86		
191276	000226	155	4		509.01		
191277	000227	155	15		1364.72		
191278	000228	156	14		220		
191279	000229	157	4		523.44		
191280	000230	159	2		390.95		
191281	000231	159	4		423.72		
191282	000232	160	2		334.47		
191283	000233	164	2		1076.58		
191284	000234	164	3		239.68		
191285	000235	164	6		259.11		
191286	000236	164	11		270.14		
191287	000237	165	2		1758.54		
191288	000238	165	3		10017.91		
191289	000239	166	13		2567.65		
191290	000240	167	2		335.14		
191291	000241	167	6		870.33		
191292	000242	167	8		560.37		
191293	000243	168	1		502.72		
191294	000244	169	14		100		
191295	000245	172	16		155		
191296	000246	173	8		155		
191297	000247	174	27		1960.87		
191298	000248	175	5		360.25		
191299	000249	176	20		6512.69		
191300	000250	176	27		973.45		
191301	000251	178	17		155		
191302	000252	178	18		924.23		
191303	000253	178	19		220		
191304	000254	179	5		269.18		
191305	000255	179	14		565.67		
191306	000256	180	31		360.21		
191307	000257	182	3		174.97		
191308	000258	186	1		207.98		
191309	000259	188	8		270.14		
191310	000260	188	20		573.98		
191311	000261	189	12		335.63		
191312	000262	191	10		657.89		
191313	000263	192	14		2193.25		
191314	000264	193	9		497.18		
191315	000265	193	10		555.23		
191316	000266	193	35		321.56		
191317	000267	195	8		335.14		
191318	000268				150		
191319	000269				150		
191320	000270	198	8		478.19		
191321	000271	198	14		617.46		
191322	000272	198	35		379.16		
191323	000273	199	6		479.85		
191324	000274	200	3.01		514.12		
191325	000275	200	48		807.44		
191326	000276	200	52		1643.32		
191327	000277				2033.22		
191328	000278	203	18		270.14		
191329	000279	204	2		331.69		
191330	000280	205	23		146.45		
191331	000281	207	24		10794.71		
191332	000282	209	28		482.4		
191333	000283	209	31		730.69		
191334	000284	209	42.02		624.79		
191335	000285	210	14		1024.08		
191336	000286	211	19		890.5		
191337	000287	211	23		270.14		
191338	000288	212	1		1244.99		
191339	000289	212	6		364.77		
191340	000290	212	29		155		
191341	000291				7001.64		
191342	000292	215	38		1034		
191343	000293	218	8		694.86		
191344	000294	220	5		13247.98		
191345	000295	220	14		509.23		
191346	000296	221	19		270.14		
191347	000297	222	24		912.38		
191348	000298	223	7		659.55		
191349	000299	223	15.01		508.09		
191350	000300	226	8		2481.81		
191351	000301	230	5		722.06		
191352	000302	230	19		8147.09		
191353	000303	231	16		501.82		
191354	000304	232	13		268.94		
191355	000305	232	20		154.15		
191356	000306	234	3		503.19		
191357	000307	235	15		952.5		
191358	000308	237	16		524.4		
191359	000309	238	19		281.56		
191360	000310	238	34		945.6		
191361	000311	241	2		235.51		
191362	000312	242	9		457.67		
191363	000313	245	1		840.32		
191364	000314	245	5		614.34		
191365	000315	246	18		155		
191366	000316	246	19		155		
191367	000317	248	18		588.44		
191368	000318	252	30		1191.48		
191369	000319				155		
191370	000320	258	10		616.77		
191371	000321	260	4		729.8		
191372	000322	263	9.01		562.03		
191373	000323	264	5		580.93		
191374	000324	268	17		551.22		
191375	000325	276	25		497.06		
191376	000326	276	27		8245.01		
191377	000327	277	4		806.68		
191378	000328	278	15		324.25		
191379	000329	280	1		591.99		
191380	000330	280	3		370.4		
191381	000331	280	15		872.16		
191382	000332	281	7		529.51		
191383	000333	285	1		728.83		
191384	000334	285	5		220		
191385	000335	285	15		270.14		
191386	000336	290	7		270.14		
191387	000337	290	12		569.47		
191388	000338	291	8		426.91		
191389	000339	292	8		419.82		
191390	000340	292	10		1025.7		
191391	000341	294	15		377.6		
191392	000342	297	8		269.61		
191393	000343	299	2		6073.92		
191394	000344	302	12		155		
191395	000345	303	4		270.14		
191396	000346	303	5		270.14		
191397	000347	305	10		270.14		
191398	000348	306	7		808.49		
191399	000349	306	15		270.14		
191400	000350	308	14		211.45		
191401	000351	309	3		44499.64		
191402	000352	309	4		37635.84		
191403	000353	309	12.01		328.11		
191404	000354	311	18		155		
191405	000355	312	10		1053.5		
191406	000356	315	13		155		
191407	000357	316	22		643.15		
191408	000358	319	1		334.39		
191409	000359	320	3		610.33		
191410	000360	322	3		452.52		
191411	000361	322	7		605.54		
191412	000362	323	4		291.66		
191413	000363	327	3		457.25		
191414	000364	329	14		335.49		
191415	000365	332	19		775.93		
191416	000366	332	35		268.9		
191417	000367	333	14		270.14		
191418	000368	336	19		194.78		
191419	000369	341	17		811.21		
191420	000370	341	24		324.67		
191421	000371	342	11		155		
191422	000372	343	21		155		
191423	000373	347	3		225.48		
191424	000374	348	3		970.71		
191425	000375	350	20		317.64		
191426	000376	352	1		652.74		
191427	000377	352	5		270.14		
191428	000378				270.14		
191429	000379	354	9		5691.57		
191430	000380	354	16		220		
191431	000381	354	20		443.87		
191432	000382	356	12		270.14		
191433	000383	356	32		585.92		
191434	000384	356	36		403.02		
191435	000385	358	4.02		155		
191436	000386	359	10		642.41		
191437	000387	359	27		377.84		
191438	000388	359	59.02		112.09		
191439	000389	364	7		384.61		
191440	000390	364	11		565.66		
191441	000391	366	10		155		
191442	000392	366	23		519.25		
191443	000393	366	38		155		
191444	000394	368	8		428.61		
191445	000395	368	12		549.27		
191446	000396	371	8		318.44		
191447	000397	373	3		269.22		
191448	000398	376	15		10442.66		
191449	000399	377	1		9163.58		
191450	000400	377	13		269.62		
191451	000401	377	24		1252.78		
191452	000402	381	3		270.14		
191453	000403	385	17		386.42		
191454	000404	386	14		750.26		
191455	000405	388	31		426.91		
191456	000406	389	1		628.8		
191457	000407	389	31		268.62		
191458	000408	390	3		268.55		
191459	000409	390	19		589.97		
191460	000410	390	25		449.1		
191461	000411	392	9		586.01		
191462	000412	393	11		379.63		
191463	000413	393	24		269.06		
191464	000414	393	25		703.47		
191465	000415	393	26		539.76		
191466	000416	394	8		580.86		
191467	000417	396	33		865.52		
191468	000418	399	10		487.89		
191469	000419	399	17		155		
191470	000420	400	4		270.14		
191471	000421	400	21		6234.17		
191472	000422	400	27		358.04		
191473	000423	400	29		205.14		
191474	000424	402	6		2341.29		
191475	000425	402	20		1624.5		
191476	000426	406	3		527.27		
191477	000427	406	8		270.14		
191478	000428	406	11		320.03		
191479	000429	409	6		274.47		
191480	000430	411	13		270.14		
191481	000431	411	17		369.92		
191482	000432	413	7		270.14		
191483	000433	415	15		591.22		
191484	000434	416	8		531.21		
191485	000435	417	22		303.69		
191486	000436	419	6		685.84		
191487	000437	419	18		268.94		
191488	000438	419	31		8136.48		
191489	000439	419	35		269.55		
191490	000440	420	4		706.5		
191491	000441	421	21		646.26		
191492	000442	421	29		270.14		
191493	000443	421	32		502.14		
191494	000444	421	71		5503.36		
191495	000445	422	1.01		818.68		
191496	000446	422	26		98.65		
191497	000447	426	1		16978.21		
191498	000448	426	5		592.52		
191499	000449	430	8		993.71		
191500	000450	430	9		350		
191501	000451	432	13		446.68		
191502	000452	433	1.01		820.48		
191503	000453	433	14		692.14		
191504	000454	438	1		635.61		
191505	000455	439	3		571.35		
191506	000456	439	19		8897.54		
191507	000457	439	60		488.43		
191508	000458	440	12		601.43		
191509	000459	440	21		726.6		
191510	000460	443	11		627.1		
191511	000461	445	16		631.55		
191512	000462	446	4		761.15		
191513	000463	446	15.01		574.72		
191514	000464	448	10		829.84		
191515	000465				762.83		
191516	000466	457	24.01		270.14		
191517	000467	457	34.01		568.87		
191518	000468	461	1		10242.18		
191519	000469	463	16		487.03		
191520	000470	463	31		907.22		
191521	000471	463	46		4619.53		
191522	000472	464	7		1548.72		
191523	000473	464	12		276.45		
191524	000474	469	4		211.45		
191525	000475	469	13		1874.74		
191526	000476	469	16		256.16		
191527	000477	469	21		2625.51		
191528	000478	470	48		287.69		
191529	000479	471	1		264.99		
191530	000480	471	10		402.8		
191531	000481	472	9		203.64		
191532	000482	472	22		100		
191533	000483	472	23		340.34		
191534	000484	472	27		575.71		
191535	000485	472	36		265.4		
191536	000486	474	8		586.07		
191537	000487	475	19		270.14		
191538	000488	475	25		1704.31		
191539	000489	475	26		624.3		
191540	000490	475	31		574.1		
191541	000491	480	9		431.8		
191542	000492	482	2		889.01		
191543	000493	482	9		968.62		
191544	000494	485	7		748.53		
191545	000495	485	26		269.55		
191546	000496	486	14		544.86		
191547	000497	488	11		661.25		
191548	000498	488	13		269.55		
191549	000499	490	6		270.14		
191550	000500	491	12		8881.29		
191551	000501	495	12		498.76		
191552	000502	495	14		95.72		
191553	000503	496	4		339.22		
191554	000504	500	7		1086.8		
191555	000505	503	11		1254.28		
191556	000506	503	12		7404.05		
191557	000507	506	2		924.62		
191558	000508	507	1		2408.12		
191559	000509	507	13		486.77		
191560	000510	511	2		551.01		
191561	000511	511	10		151.53		
191562	000512	511	11		619.14		
191563	000513	514	3		5883.3		
191564	000514	514	5		692.03		
191565	000515	526	10		6166.83		
191566	000516	526	11		975.21		
191567	000517	526	15		155		
191568	000518	526	18		773.15		
191569	000519	534	8		85.19		
191570	000520	537	3		220		
191571	000521	537	4		1576.71		
191572	000522	537	6		328.19		
191573	000523	537	10		1400.35		
191574	000524	537	13.02		2290.22		
191575	000525	537	19		1071.09		
191576	000526	538	19		2392.55		
191577	000527	538	22.02		220		
191578	000528	539	3		9134.74		
191579	000529	539	12		295.71		
191580	000530	539	15		389.35		
191581	000531	540	8		1106.53		
191582	000532	542	3		322.69		
191583	000533	542	5		600.2		
191584	000534	545	10		437.12		
191585	000535	545	37.01		544.98		
191586	000536	546	16		2263.89		
191587	000537	546	24		155		
191588	000538	549	4		394.78		
191589	000539	549	9		276.45		
191590	000540	549	15		406.67		
191591	000541	552	9		612.24		
191592	000542	552	14		362.35		
191593	000543	553	5		1005.45		
191594	000544	555	1		600.74		
191595	000545	555	12		910.65		
191596	000546	555	16		377		
191597	000547	555	20		158.08		
191598	000548	555	23		640.91		
191599	000549	556	10		1639.88		
191600	000550	556	11		462.79		
191601	000551	556	12		395.26		
191602	000552	556	15		723.21		
191603	000553	556	20		155		
191604	000554	558	2.04		743.54		
191605	000555	560	2.02		914.01		
191606	000556	562	13		710.73		
191607	000557	562	17		286.71		
191608	000558				155		
191609	000559	563	1		6519.19		
191610	000560	563	21		1039.47		
191611	000561	563	33		220		
191612	000562	564	6		483.25		
191613	000563	565	11		663.87		
191614	000564	566	12		313.96		
191615	000565	566	14		847.86		
191616	000566	567	1		378.25		
191617	000567	569	6		8767.56		
191618	000568	570	27.01		211.45		
191619	000569	571	3		4266.37		
191620	000570	571	11		339.4		
191621	000571	571	17		205.71		
191622	000572	572	5		408.31		
191623	000573	572	10		1332.75		
191624	000574	572	11		763.91		
191625	000575	573	8		20433.01		
191626	000576	573	20.02		155		
191627	000577				155		
191628	000578	577	14		478.15		
191629	000579	582	5		270.14		
191630	000580	582	50		15270.12		
191631	000581	582	51		502.12		
191632	000582	582	53		270.14		
191633	000583	587	3.01		359299.34		
191634	000584	587	3.02		9954.76		
191635	000585	587	3.03		15280.54		
