Ra_ItemID	CertNum	Parcel	FaceValue	Bid	Tax Year	IsHomestead	Tax Years Unpaid	Bankruptcy_Flag	Property_Address_1	Property_Address_2	Property_City	Property_Zip
6284257	1	"R00023-999"	211.96		2016	0	7	0				     
6284273	2	"R00049-002"	247.82		2017	0	7	0				     
6284258	3	"R00023-999"	175.32		2019	0	7	0				     
6284274	4	"R00049-002"	256.21		2016	0	7	0				     
6284276	6	"R00049-002"	181.35		2020	0	7	0				     
6284275	8	"R00049-002"	207.37		2019	0	7	0				     
6284277	20	"R00049-002"	82.37		2022	0	7	0				     
6284412	35	"R00227-010"	90.54		2017	0	7	0				     
6284419	63	"R00275-006"	134.52		2021	1	1	0	799 SW BOZEMAN Ct		LAKE CITY	32024
6284421	66	"R00275-013"	153.91		2021	1	1	0	721 SW BOZEMAN Ct		LAKE CITY	32024
6284420	66	"R00275-011"	211.09		2022	1	0	0	766 SW BOZEMAN Ct		LAKE CITY	32024
6284265	89	"R00344-010"	240.25		2022	1	0	0	1035 SW GODBOLD Ave		LAKE CITY	32024
6284638	136	"R00485-002"	189.55		2019	0	7	0				     
6284639	148	"R00485-002"	225.86		2017	0	7	0				     
6284637	160	"R00485-002"	59.54		2022	0	7	0				     
6284165	167	"R00499-001"	171.35		2019	0	5	0				     
6284640	169	"R00485-002"	228.24		2016	0	7	0				     
6284641	170	"R00488-040"	250.02		2022	1	0	0	1458 SW SPRUCE Rd		FORT WHITE	32038
6284164	182	"R00499-001"	39.13		2022	0	5	0				     
6283768	218	"R00837-208"	67.57		2022	0	7	0				     
6283769	220	"R00837-212"	64.2		2022	0	7	0				     
6283771	225	"R00837-212"	108.38		2017	0	7	0				     
6283772	227	"R00882-000"	217.05		2022	0	5	0				     
6283773	229	"R00893-000"	203.42		2022	0	7	0				     
6283767	246	"R00837-208"	117.85		2016	0	7	0				     
6283770	249	"R00837-212"	117.85		2016	0	7	0				     
6283774	282	"R01309-020"	310.18		2022	0	1	0				     
6284384	314	"R01697-101"	177.89		2020	0	7	0				     
6284393	315	"R01697-102"	177.89		2020	0	7	0				     
6284394	316	"R01707-100"	150.77		2020	0	7	0				     
6284399	317	"R01717-006"	103.29		2020	1	2	0	282 NW AUSTIN Way		LAKE CITY	32055
6283775	325	"R01438-069"	132.37		2022	0	4	0				     
6284278	343	"R01603-128"	196.59		2022	1	0	0	330 NW FROG HOLLOW Way		WHITE SPRINGS	32096
6284527	356	"R01818-016"	152.31		2020	0	5	0				     
6284580	367	"R01857-013"	149.31		2020	0	6	0				     
6284352	371	"R01655-204"	198.88		2022	0	1	0				     
6284368	374	"R01657-019"	230.64		2022	0	0	0	736 NW GAR POND Ct		WHITE SPRINGS	32096
6284153	376	"R01901-002"	156.54		2020	0	6	0				     
6284387	391	"R01697-101"	243.97		2017	0	7	0				     
6284390	392	"R01697-102"	243.97		2017	0	7	0				     
6284397	393	"R01707-100"	203.35		2017	0	7	0				     
6284388	395	"R01697-101"	67.07		2022	0	7	0				     
6284385	395	"R01697-101"	201.73		2019	0	7	0				     
6284389	396	"R01697-102"	67.07		2022	0	7	0				     
6284392	396	"R01697-102"	201.73		2019	0	7	0				     
6284398	397	"R01707-100"	45.76		2022	0	7	0				     
6284395	397	"R01707-100"	168.92		2019	0	7	0				     
6284386	416	"R01697-101"	248.37		2016	0	7	0				     
6284391	417	"R01697-102"	248.37		2016	0	7	0				     
6284396	418	"R01707-100"	203.65		2016	0	7	0				     
6284262	425	"R02059-003"	154.34		2020	0	6	0				     
6284525	435	"R01818-016"	46.34		2022	0	5	0				     
6284526	441	"R01818-016"	169.74		2019	0	5	0				     
6284577	446	"R01857-013"	46.94		2022	0	6	0				     
6284579	453	"R01857-013"	167.15		2019	0	6	0				     
6284152	455	"R01901-002"	50.85		2022	0	6	0				     
6284578	457	"R01857-013"	201.14		2017	0	6	0				     
6284154	460	"R01901-002"	175.9		2019	0	6	0				     
6284155	464	"R01910-033"	366.5		2022	0	1	0	342 NW DICKS St		LAKE CITY	32055
6284151	466	"R01901-002"	209.63		2017	0	6	0				     
6284156	467	"R01911-001"	719.69		2022	1	6	0	203 NW CREWS Gln		LAKE CITY	32055
6284157	478	"R01911-034"	68.34		2022	0	7	0				     
6284158	484	"R01911-034"	236.46		2017	0	7	0				     
6284409	488	"R02273-018"	150.56		2020	0	6	0				     
6284209	493	"R02014-001"	170.37		2022	1	0	0	224 NW SUGAR Gln		LAKE CITY	32055
6284220	496	"R02031-003"	329.89		2022	0	0	0	340 NW ROWE Ct		LAKE CITY	32055
6284159	502	"R01911-034"	239.91		2016	0	7	0				     
6284260	517	"R02059-000"	88.8		2022	0	7	0				     
6284261	518	"R02059-003"	47.69		2022	0	6	0				     
6284259	527	"R02059-000"	233.88		2019	0	7	0				     
6284263	528	"R02059-003"	173.25		2019	0	6	0				     
6284264	533	"R02059-003"	208.7		2017	0	6	0				     
6284510	551	"R02421-000"	183.27		2020	0	7	0				     
6284515	552	"R02421-001"	178.74		2020	0	7	0				     
6284581	566	"R02475-002"	169.82		2020	0	3	0				     
6284584	567	"R02493-000"	154.43		2020	0	7	0				     
6284383	576	"R02239-135"	149		2022	0	7	0				     
6284400	586	"R02243-000"	82.51		2022	0	1	0				     
6284407	597	"R02273-018"	168.14		2019	0	6	0				     
6284408	599	"R02273-018"	57.6		2022	0	6	0				     
6284175	600	"R02739-139"	174.12		2020	0	7	0				     
6284410	613	"R02273-018"	202.09		2017	0	6	0				     
6284424	617	"R02315-099"	57.43		2022	0	7	0				     
6284425	623	"R02321-007"	779.37		2022	0	7	0	608 NW WILKS Ln		LAKE CITY	32055
6284426	624	"R02343-003"	208.71		2022	0	0	0	454 NW DIVIDER Ter		LAKE CITY	32055
6284428	631	"R02355-002"	265.32		2022	0	1	0				     
6284429	639	"R02372-081"	59.63		2022	0	7	0				     
6284430	640	"R02372-082"	55.32		2022	0	7	0				     
6284512	657	"R02421-000"	206.67		2019	0	7	0				     
6284513	658	"R02421-001"	201.18		2019	0	7	0				     
6284511	660	"R02421-000"	65.31		2022	0	7	0				     
6284514	661	"R02421-001"	63.84		2022	0	7	0				     
6284518	662	"R02421-004"	66.64		2022	0	2	0				     
6284247	663	"R02866-000"	156.15		2020	0	7	0				     
6284267	677	"R02919-016"	162.21		2020	0	6	0				     
6284509	682	"R02421-000"	245.56		2017	0	7	0				     
6284516	683	"R02421-001"	239.37		2017	0	7	0				     
6284582	684	"R02475-002"	57.29		2022	0	3	0				     
6284282	684	"R02951-001"	150.77		2020	0	7	0				     
6284585	685	"R02493-000"	172.32		2019	0	7	0				     
6284583	686	"R02493-000"	59.88		2022	0	7	0				     
6284508	687	"R02421-000"	249.81		2016	0	7	0				     
6284517	688	"R02421-001"	242.96		2016	0	7	0				     
6284596	691	"R02549-001"	67.9		2022	0	0	0				     
6284160	703	"R02700-002"	105.86		2022	0	1	0	1211 SW BASCOM NORRIS Dr		LAKE CITY	32025
6284161	704	"R02700-003"	105.86		2022	0	1	0				     
6284162	711	"R02710-033"	120.36		2022	0	3	0				     
6284172	721	"R02739-139"	72.86		2022	0	7	0				     
6284176	721	"R02739-139"	196.1		2019	0	7	0				     
6284190	727	"R02772-062"	249.18		2022	0	7	0				     
6284173	732	"R02739-139"	236.46		2017	0	7	0				     
6284174	757	"R02739-139"	239.91		2016	0	7	0				     
6284167	786	"R03423-999"	144.61		2020	0	5	0				     
6284249	787	"R02866-000"	59.82		2022	0	7	0				     
6284248	791	"R02866-000"	186.3		2019	0	7	0				     
6284268	802	"R02919-016"	181.71		2019	0	6	0				     
6284266	802	"R02916-004"	198.46		2022	0	1	0				     
6284283	812	"R02951-001"	168.92		2019	0	7	0				     
6284281	813	"R02951-001"	46.87		2022	0	7	0				     
6284269	815	"R02919-016"	218.64		2017	0	6	0				     
6284291	818	"R02980-000"	55.08		2022	0	0	0				     
6284284	822	"R02951-001"	203.35		2017	0	7	0				     
6284252	822	"R03517-001"	146.46		2020	0	5	0				     
6284253	824	"R03523-000"	145.54		2020	0	6	0				     
6284316	832	"R03025-107"	47.03		2022	0	0	0				     
6284246	834	"R02866-000"	223.79		2016	0	7	0				     
6284313	856	"R03621-999"	164.61		2020	0	6	0				     
6284285	862	"R02951-001"	203.65		2016	0	7	0				     
6284411	875	"R03104-098"	52.17		2022	0	0	0				     
6284427	897	"R03208-207"	92.87		2022	0	1	0				     
6284422	909	"R03717-224"	105.88		2020	1	2	0	448 SW MAYFLOWER Gln		FORT WHITE	32038
6284163	938	"R03405-130"	48.77		2022	0	0	0				     
6284168	944	"R03423-999"	193.19		2017	0	5	0				     
6284222	947	"R03788-001"	157.29		2020	0	6	0				     
6284180	948	"R03452-000"	204.39		2017	0	4	0				     
6284178	954	"R03452-000"	51.11		2022	0	4	0				     
6284181	967	"R03461-004"	329.7		2022	0	1	0				     
6284182	968	"R03466-001"	89.99		2022	0	2	0				     
6284335	978	"R03844-003"	188.49		2020	0	7	0				     
6284362	981	"R03869-001"	158.12		2020	0	6	0				     
6284250	987	"R03514-000"	175.89		2022	0	4	0				     
6284251	988	"R03517-001"	44.45		2022	0	5	0				     
6284255	990	"R03523-000"	49.67		2022	0	6	0				     
6284254	994	"R03523-000"	194.64		2017	0	6	0				     
6284271	1005	"R03585-009"	225.54		2022	0	1	0				     
6284492	1008	"R03980-000"	149.93		2020	0	6	0				     
6284308	1020	"R03621-998"	49.07		2022	0	6	0				     
6284310	1020	"R03621-998"	206.93		2017	0	6	0				     
6284314	1021	"R03621-999"	60.56		2022	0	6	0				     
6284311	1021	"R03621-999"	206.93		2017	0	6	0				     
6284571	1027	"R04040-000"	177.11		2020	0	7	0				     
6284179	1029	"R03452-000"	204.62		2016	0	4	0				     
6284309	1032	"R03621-998"	171.81		2019	0	6	0				     
6284312	1033	"R03621-999"	171.81		2019	0	6	0				     
6284315	1041	"R03626-105"	50.25		2022	1	0	0	271 SW CHICKADEE Way		LAKE CITY	32024
6284297	1063	"R03818-105"	188.67		2021	1	1	0	207 SW HOMESTEAD Cir		FORT WHITE	32038
6284189	1064	"R04120-099"	96.79		2020	0	7	0				     
6284216	1081	"R04146-100"	143.68		2020	0	7	0				     
6284290	1103	"R04197-008"	150.77		2020	0	6	0				     
6284298	1113	"R04213-007"	173.02		2020	0	7	0				     
6284224	1136	"R03788-001"	210.42		2017	0	6	0				     
6284341	1138	"R04236-999"	153.14		2020	0	6	0				     
6284223	1159	"R03788-001"	175.33		2019	0	6	0				     
6284338	1160	"R03844-003"	77.25		2022	0	7	0				     
6284361	1165	"R03869-001"	46.11		2022	0	6	0				     
6284416	1174	"R04318-000"	153.66		2020	0	5	0				     
6284336	1175	"R03844-003"	252.79		2017	0	7	0				     
6284364	1182	"R03869-001"	211.76		2017	0	6	0				     
6284334	1187	"R03844-003"	213.49		2019	0	7	0				     
6284363	1192	"R03869-001"	177.81		2019	0	6	0				     
6284495	1200	"R03980-000"	52.19		2022	0	6	0				     
6284506	1209	"R04006-002"	230.31		2022	0	1	0				     
6284507	1212	"R04009-000"	76.39		2022	0	3	0				     
6284575	1216	"R04040-000"	65.62		2022	0	7	0				     
6284494	1219	"R03980-000"	207.23		2017	0	6	0				     
6284493	1223	"R03980-000"	169.99		2019	0	6	0				     
6284595	1230	"R04063-011"	71.59		2022	0	6	0				     
6284574	1231	"R04040-000"	237.59		2017	0	7	0				     
6284356	1236	"R04736-001"	189.19		2020	0	6	0				     
6284572	1238	"R04040-000"	200.81		2019	0	7	0				     
6284642	1247	"R04101-000"	322.91		2022	0	1	0	3406 SW OLD BELLAMY Rd		FORT WHITE	32038
6284186	1255	"R04120-099"	81.18		2022	0	7	0				     
6284187	1267	"R04120-099"	138.12		2017	0	7	0				     
6284337	1267	"R03844-003"	257.87		2016	0	7	0				     
6284199	1269	"R04853-003"	150.33		2020	0	5	0				     
6284214	1270	"R04146-100"	41.59		2022	0	7	0				     
6284230	1277	"R04903-001"	133.22		2020	0	5	0				     
6284270	1287	"R04176-000"	195.62		2022	0	1	0	4785 SW US HIGHWAY 27		FORT WHITE	32038
6284218	1288	"R04146-100"	192.08		2017	0	7	0				     
6284215	1295	"R04146-100"	160.36		2019	0	7	0				     
6284287	1296	"R04197-008"	47.43		2022	0	6	0				     
6284321	1306	"R04985-000"	215.36		2020	0	7	0				     
6284302	1307	"R04213-007"	65.77		2022	0	7	0				     
6284288	1311	"R04197-008"	203.35		2017	0	6	0				     
6284289	1320	"R04197-008"	168.92		2019	0	6	0				     
6284339	1323	"R04236-999"	48.12		2022	0	6	0				     
6284300	1327	"R04213-007"	231.73		2017	0	7	0				     
6284365	1327	"R04240-001"	233.78		2022	0	1	0				     
6284366	1328	"R04242-000"	136.73		2022	0	1	0				     
6284367	1329	"R04243-000"	136.73		2022	0	1	0				     
6284299	1332	"R04213-007"	194.79		2019	0	7	0				     
6284372	1336	"R05255-099"	144.84		2020	0	7	0				     
6284573	1340	"R04040-000"	241.35		2016	0	7	0				     
6284373	1343	"R05300-001"	150.77		2020	0	6	0				     
6284340	1345	"R04236-999"	205.78		2017	0	6	0				     
6284342	1348	"R04236-999"	171.04		2019	0	6	0				     
6284406	1353	"R04308-002"	99.14		2022	0	1	0				     
6284379	1360	"R05428-000"	168.53		2020	0	7	0				     
6284414	1362	"R04318-000"	56.95		2022	0	5	0				     
6284418	1368	"R04321-061"	813.5		2022	0	7	0				     
6284415	1379	"R04318-000"	206.74		2017	0	5	0				     
6284434	1379	"R05632-002"	168.88		2020	0	7	0				     
6284439	1384	"R05650-000"	187.77		2020	0	7	0				     
6284188	1384	"R04120-099"	150.74		2016	0	7	0				     
6284576	1385	"R04386-000"	116.43		2022	0	7	0				     
6284444	1387	"R05658-000"	187.77		2020	0	7	0				     
6284417	1388	"R04318-000"	171.91		2019	0	5	0				     
6284449	1389	"R05669-000"	180.05		2020	0	7	0				     
6284208	1391	"R04493-002"	60.07		2022	0	0	0				     
6284458	1393	"R05679-000"	152.56		2020	0	7	0				     
6284502	1401	"R04611-000"	765.92		2022	0	5	0	2575 NW CANSA Rd		LAKE CITY	32055
6284217	1405	"R04146-100"	191.26		2016	0	7	0				     
6284169	1422	"R04665-002"	162.32		2022	0	1	0				     
6284170	1423	"R04665-005"	130.79		2022	0	2	0	1072 NE DREW Rd		LAKE CITY	32055
6284171	1425	"R04665-009"	103.43		2022	0	1	0				     
6284491	1428	"R05828-001"	142.49		2020	0	6	0				     
6284500	1429	"R05830-000"	166.88		2020	0	7	0				     
6284353	1440	"R04736-001"	77.74		2022	0	6	0				     
6284301	1442	"R04213-007"	234.66		2016	0	7	0				     
6284355	1446	"R04736-001"	253.78		2017	0	6	0				     
6284503	1455	"R04814-006"	120.96		2022	0	0	0				     
6284504	1456	"R04814-009"	126.32		2022	0	0	0				     
6284534	1461	"R06294-000"	176.94		2020	0	7	0				     
6284541	1469	"R06307-000"	216.7		2020	0	7	0				     
6284354	1470	"R04736-001"	214.36		2019	0	6	0				     
6284200	1470	"R04853-003"	51.48		2022	0	5	0				     
6284225	1473	"R04873-000"	64.46		2022	1	0	0	4087 N US HIGHWAY 441		LAKE CITY	32055
6284226	1474	"R04874-000"	52.87		2022	0	0	1				     
6284227	1479	"R04903-001"	113.68		2022	0	5	0				     
6284279	1487	"R04941-000"	71.25		2022	0	0	0				     
6284280	1489	"R04948-001"	109.83		2022	0	1	0				     
6284317	1492	"R04964-003"	190.4		2022	0	2	0	227 NW GERSON Ln		LAKE CITY	32055
6284318	1499	"R04967-080"	201.11		2022	0	1	0	243 NE CLARA Gln		LAKE CITY	32055
6284198	1514	"R04853-003"	167.34		2019	0	5	0				     
6284319	1515	"R04976-000"	145.57		2022	0	7	0				     
6284320	1517	"R04985-000"	96.09		2022	0	7	0				     
6284229	1522	"R04903-001"	148.21		2019	0	5	0				     
6284357	1539	"R05097-000"	79.67		2022	0	0	0				     
6284358	1548	"R05166-001"	118.04		2022	0	1	0	142 NW ROOSEVELT Gln		LAKE CITY	32055
6284554	1550	"R06695-001"	162.21		2020	0	7	0				     
6284561	1551	"R06698-001"	162.21		2020	0	7	0				     
6284322	1556	"R04985-000"	246.01		2019	0	7	0				     
6284370	1560	"R05255-099"	988.65		2017	0	7	0				     
6284369	1565	"R05255-099"	42.31		2022	0	7	0				     
6284374	1565	"R05300-001"	203.35		2017	0	6	0				     
6284375	1571	"R05300-001"	46.32		2022	0	6	0				     
6284587	1571	"R06892-003"	181.5		2020	0	6	0				     
6284593	1580	"R07017-001"	198.12		2020	0	7	0				     
6284377	1582	"R05428-000"	229.93		2017	0	7	0				     
6284376	1588	"R05428-000"	59.63		2022	0	7	0				     
6284381	1590	"R05438-000"	126.4		2022	0	4	0	197 NW KOBIE Way		LAKE CITY	32055
6284197	1594	"R04853-003"	200.71		2016	0	5	0				     
6284371	1597	"R05255-099"	168.14		2019	0	7	0				     
6284597	1599	"R07246-000"	146.46		2020	0	7	0				     
6284382	1600	"R05486-001"	695.37		2022	0	5	0	184 NW JOHNSON St		LAKE CITY	32055
6284228	1602	"R04903-001"	182.24		2016	0	5	0				     
6284608	1606	"R07300-000"	143.04		2020	0	6	0				     
6284433	1607	"R05632-002"	228.61		2017	0	7	0				     
6284440	1612	"R05650-000"	256.92		2017	0	7	0				     
6284612	1612	"R07310-015"	213.07		2020	0	7	0				     
6284443	1614	"R05658-000"	256.92		2017	0	7	0				     
6284621	1617	"R07339-000"	159.22		2020	0	7	0				     
6284436	1618	"R05632-002"	63.53		2022	0	7	0				     
6284450	1618	"R05669-000"	245.36		2017	0	7	0				     
6284624	1619	"R07355-000"	190.91		2020	0	7	0				     
6284453	1620	"R05672-000"	252.33		2017	0	6	0				     
6284456	1621	"R05679-000"	206.02		2017	0	7	0				     
6284378	1621	"R05428-000"	190.41		2019	0	7	0				     
6284437	1622	"R05650-000"	76.53		2022	0	7	0				     
6284446	1624	"R05658-000"	76.53		2022	0	7	0				     
6284548	1625	"R06528-000"	238.33		2021	1	1	0	136 SE CRAIG Ave		LAKE CITY	32025
6284447	1626	"R05669-000"	71.19		2022	0	7	0				     
6284465	1626	"R05692-000"	1075.71		2017	0	7	0	113 NE NICOLE Way		LAKE CITY	32055
6284454	1628	"R05672-000"	79.56		2022	0	6	0				     
6284455	1629	"R05679-000"	48.65		2022	0	7	0				     
6284460	1630	"R05680-000"	204.11		2022	0	5	0				     
6284461	1631	"R05683-000"	131.17		2022	0	6	0				     
6284466	1631	"R05699-000"	300.13		2017	0	7	0				     
6284463	1632	"R05685-001"	67.77		2022	0	5	0				     
6284470	1632	"R05699-001"	256.73		2017	0	6	0				     
6284464	1634	"R05692-000"	86.62		2022	0	7	0	113 NE NICOLE Way		LAKE CITY	32055
6284468	1638	"R05699-000"	99.69		2022	0	7	0				     
6284323	1638	"R04985-000"	275.87		2016	0	7	0				     
6284431	1646	"R05605-001"	211.42		2019	0	4	0				     
6284432	1649	"R05632-002"	189.78		2019	0	7	0				     
6284441	1655	"R05650-000"	196.3		2019	0	7	0				     
6284442	1657	"R05658-000"	196.3		2019	0	7	0				     
6284489	1658	"R05828-001"	192.66		2017	0	6	0				     
6284451	1659	"R05669-000"	203.3		2019	0	7	0				     
6284452	1661	"R05672-000"	196.96		2019	0	6	0				     
6284488	1662	"R05828-001"	116.06		2022	0	6	0				     
6284497	1663	"R05830-000"	62.24		2022	0	7	0				     
6284457	1663	"R05679-000"	171.07		2019	0	7	0				     
6284462	1665	"R05683-000"	287.01		2019	0	6	0				     
6284467	1672	"R05699-000"	243.9		2019	0	7	0				     
6284469	1673	"R05699-001"	196.16		2019	0	6	0				     
6284505	1681	"R06244-099"	49.58		2022	0	7	0				     
6284530	1687	"R06277-000"	85.03		2022	0	7	0				     
6284531	1690	"R06294-000"	67.32		2022	0	7	0				     
6284537	1691	"R06295-000"	633.79		2022	0	7	0	181 NE TRACK Dr		LAKE CITY	32055
6284529	1693	"R06277-000"	273.79		2017	0	7	0				     
6284538	1695	"R06307-000"	95.77		2022	0	7	0				     
6284532	1696	"R06294-000"	237.26		2017	0	7	0				     
6284536	1697	"R06295-000"	1069.81		2017	0	7	0	181 NE TRACK Dr		LAKE CITY	32055
6284210	1700	"R08082-099"	113.83		2020	0	5	0				     
6284539	1702	"R06307-000"	284.85		2017	0	7	0				     
6284543	1703	"R06337-000"	71.19		2022	0	5	0				     
6284490	1707	"R05828-001"	159.99		2019	0	6	0				     
6284499	1708	"R05830-000"	187.37		2019	0	7	0				     
6284380	1713	"R05428-000"	232.93		2016	0	7	0				     
6284544	1727	"R06455-004"	338.66		2022	0	5	0	306 NE WEBSTER Ave		LAKE CITY	32055
6284545	1738	"R06505-000"	828.07		2022	0	5	0	174 NE COUNTRY CLUB Rd		LAKE CITY	32055
6284528	1739	"R06277-000"	222.31		2019	0	7	0				     
6284546	1740	"R06508-000"	228.54		2022	0	4	0	150 NE COUNTRY CLUB Rd		LAKE CITY	32055
6284533	1742	"R06294-000"	200.06		2019	0	7	0				     
6284435	1743	"R05632-002"	231.27		2016	0	7	0				     
6284547	1743	"R06528-000"	222.12		2022	1	1	0	136 SE CRAIG Ave		LAKE CITY	32025
6284438	1747	"R05650-000"	262.4		2016	0	7	0				     
6284293	1748	"R08354-009"	156.28		2020	0	7	0				     
6284445	1751	"R05658-000"	262.4		2016	0	7	0				     
6284540	1751	"R06307-000"	228.03		2019	0	7	0				     
6284448	1754	"R05669-000"	249.7		2016	0	7	0				     
6284459	1757	"R05679-000"	206.64		2016	0	7	0				     
6284549	1761	"R06633-000"	889.53		2022	0	6	0	1173 SE LANVALE St		LAKE CITY	32025
6284550	1762	"R06636-000"	179.72		2022	0	7	0				     
6284551	1763	"R06638-000"	179.72		2022	0	5	0				     
6284552	1764	"R06639-000"	117.91		2022	0	5	0				     
6284471	1768	"R05699-001"	262.2		2016	0	6	0				     
6284553	1774	"R06695-001"	58.93		2022	0	7	0				     
6284327	1774	"R08404-014"	150.77		2020	0	7	0				     
6284562	1775	"R06698-001"	58.93		2022	0	7	0				     
6284556	1778	"R06695-001"	218.64		2017	0	7	0				     
6284559	1779	"R06698-001"	218.64		2017	0	7	0				     
6284563	1788	"R06827-000"	665.57		2022	0	7	0	750 SE ELOISE Ave		LAKE CITY	32025
6284564	1796	"R06827-000"	1116.98		2017	0	7	0	750 SE ELOISE Ave		LAKE CITY	32025
6284498	1797	"R05830-000"	225.5		2016	0	7	0				     
6284589	1798	"R06892-003"	72.39		2022	0	6	0				     
6284590	1799	"R06905-000"	968.11		2022	0	6	0	2212 NE WASHINGTON St		LAKE CITY	32055
6284591	1810	"R07017-001"	90.04		2022	0	7	0				     
6284594	1820	"R07017-001"	250.9		2017	0	7	0				     
6284601	1833	"R07246-000"	44.68		2022	0	7	0				     
6284603	1834	"R07263-000"	1007.51		2022	0	7	0	311 NE VARNES Pl		LAKE CITY	32055
6284604	1835	"R07298-000"	52.85		2022	0	0	0				     
6284605	1836	"R07300-000"	42.11		2022	0	6	0				     
6284609	1837	"R07303-000"	213.43		2022	0	7	0				     
6284598	1839	"R07246-000"	212.17		2017	0	7	0				     
6284535	1839	"R06294-000"	240.87		2016	0	7	0				     
6284610	1840	"R07310-006"	143.99		2022	0	5	0				     
6284611	1842	"R07310-015"	97.81		2022	0	7	0				     
6284617	1844	"R07336-000"	110.41		2022	0	7	0	297 NE BURBANK Ter		LAKE CITY	32055
6284607	1845	"R07300-000"	191.79		2017	0	6	0				     
6284618	1846	"R07339-000"	55.06		2022	0	7	0				     
6284555	1846	"R06695-001"	181.71		2019	0	7	0				     
6284560	1847	"R06698-001"	181.71		2019	0	7	0				     
6284542	1847	"R06307-000"	299.85		2016	0	7	0				     
6284627	1850	"R07355-000"	80.48		2022	0	7	0				     
6284628	1855	"R07373-000"	842.05		2022	0	7	0	170 NE OKINAWA St		LAKE CITY	32055
6284613	1856	"R07310-015"	301.92		2017	0	7	0				     
6284616	1859	"R07336-000"	1053.15		2017	0	7	0	297 NE BURBANK Ter		LAKE CITY	32055
6284619	1861	"R07339-000"	215.06		2017	0	7	0				     
6284636	1863	"R09049-014"	145.96		2020	0	6	0				     
6284632	1863	"R07451-000"	124.25		2022	0	7	0				     
6284626	1866	"R07355-000"	260.68		2017	0	7	0				     
6284586	1867	"R06892-003"	205.05		2019	0	6	0				     
6284177	1885	"R07592-029"	133.13		2022	0	5	0				     
6284191	1892	"R07598-003"	45.93		2022	0	0	0				     
6284201	1894	"R07609-000"	173.5		2022	0	5	0				     
6284599	1905	"R07246-000"	176.49		2019	0	7	0				     
6284602	1906	"R07246-001"	344.35		2019	0	7	0				     
6284606	1911	"R07300-000"	159.6		2019	0	6	0				     
6284401	1918	"R09333-016"	183.35		2020	0	6	0				     
6284614	1921	"R07310-015"	246.03		2019	0	7	0				     
6284620	1924	"R07339-000"	178.61		2019	0	7	0				     
6284625	1926	"R07355-000"	215.91		2019	0	7	0				     
6284557	1929	"R06695-001"	220.27		2016	0	7	0				     
6284558	1930	"R06698-001"	220.27		2016	0	7	0				     
6284213	1936	"R08082-099"	95.98		2022	0	5	0				     
6284221	1945	"R08142-000"	59.63		2022	0	1	0	2744 SW MAIN Blvd		LAKE CITY	32025
6284212	1952	"R08082-099"	162.38		2017	0	5	0				     
6284588	1952	"R06892-003"	247.41		2016	0	6	0				     
6284592	1968	"R07017-001"	271.03		2016	0	7	0				     
6284193	1984	"R09598-008"	189.86		2020	0	7	0				     
6284600	1988	"R07246-000"	213.17		2016	0	7	0				     
6284286	1995	"R08335-020"	187.34		2022	0	7	0				     
6284292	2003	"R08354-009"	54.8		2022	0	7	0				     
6284615	2005	"R07310-015"	316.38		2016	0	7	0				     
6284307	2007	"R08355-113"	258.29		2022	1	0	0	469 SE SHARON Ln		LAKE CITY	32025
6284622	2012	"R07339-000"	216.47		2016	0	7	0				     
6284295	2014	"R08354-009"	209.74		2017	0	7	0				     
6284623	2016	"R07355-000"	266.47		2016	0	7	0				     
6284211	2016	"R08082-099"	135.42		2019	0	5	0				     
6284328	2041	"R08404-014"	47.43		2022	0	7	0				     
6284325	2043	"R08404-014"	203.35		2017	0	7	0				     
6284205	2058	"R09907-006"	209.12		2020	0	7	0				     
6284294	2074	"R08354-009"	174.53		2019	0	7	0				     
6284231	2079	"R09946-002"	191.77		2020	0	6	0				     
6284244	2082	"R09949-005"	162.59		2020	0	7	0				     
6284326	2106	"R08404-014"	168.92		2019	0	7	0				     
6284345	2138	"R10013-040"	243.4		2020	0	7	0				     
6284349	2139	"R10014-001"	156.49		2020	0	6	0				     
6284633	2143	"R09049-014"	45.64		2022	0	6	0				     
6284166	2143	"R09531-002"	135.16		2021	0	1	0				     
6284296	2163	"R08354-009"	210.5		2016	0	7	0				     
6284635	2170	"R09049-014"	195.18		2017	0	6	0				     
6284272	2173	"R09215-006"	89.78		2022	0	0	0				     
6284306	2178	"R10274-001"	156.49		2020	0	6	0				     
6284330	2182	"R10377-000"	191.46		2020	0	7	0				     
6283780	2185	"R10454-000"	169.21		2020	0	7	0				     
6284324	2194	"R08404-014"	203.65		2016	0	7	0				     
6284359	2196	"R09288-000"	83.92		2022	0	0	0				     
6284360	2197	"R09289-000"	178.51		2022	0	3	0				     
6284404	2208	"R09333-016"	70.88		2022	0	6	0				     
6283784	2221	"R10662-000"	161.86		2020	0	7	0				     
6284634	2223	"R09049-014"	163.09		2019	0	6	0				     
6283790	2224	"R10679-001"	129.74		2020	0	6	0				     
6283794	2225	"R10679-002"	124.97		2020	0	6	0				     
6283805	2231	"R10746-000"	181.93		2020	0	7	0				     
6284413	2232	"R09387-007"	54.91		2022	0	1	0				     
6283814	2234	"R10754-000"	185.5		2020	0	7	0	689 NE PATTERSON Ave		LAKE CITY	32055
6284402	2235	"R09333-016"	240.89		2017	0	6	0				     
6283836	2258	"R10870-001"	173.33		2020	0	6	0				     
6283848	2274	"R10949-000"	167.98		2020	0	7	0	258 NE MONTANA St		LAKE CITY	32055
6283851	2277	"R10959-000"	206.45		2020	0	7	0	158 NE MONTANA St		LAKE CITY	32055
6284403	2277	"R09333-016"	192.34		2019	0	6	0				     
6284185	2278	"R09587-004"	52.74		2022	0	2	0				     
6283858	2279	"R10961-000"	208.74		2020	0	7	0				     
6284192	2283	"R09598-008"	90.28		2022	0	7	0				     
6283867	2287	"R10986-000"	164.91		2020	0	7	0				     
6283875	2295	"R11017-000"	262.16		2020	0	7	0				     
6283884	2306	"R11057-000"	158.86		2020	0	7	0				     
6283887	2308	"R11058-001"	178.51		2020	0	7	0	968 NE CATAWBA Ave		LAKE CITY	32055
6284195	2311	"R09598-008"	259.17		2017	0	7	0				     
6283898	2312	"R11072-000"	239.6		2020	0	7	0				     
6283903	2315	"R11080-000"	169.55		2020	0	7	0				     
6283905	2316	"R11082-000"	150.16		2020	0	7	0				     
6283913	2317	"R11083-000"	210.62		2020	0	7	0	538 NE BASCOM NORRIS Dr		LAKE CITY	32055
6284405	2322	"R09739-000"	824.69		2022	0	1	0	16932 S US HIGHWAY 441		LAKE CITY	32024
6283919	2331	"R11145-001"	236.71		2020	0	7	0				     
6284524	2344	"R09827-009"	211.52		2022	0	0	0	633 SW BANGOR Way		FORT WHITE	32038
6284194	2347	"R09598-008"	211.46		2019	0	7	0				     
6284423	2361	"R09859-839"	70.71		2022	0	2	0				     
6283791	2363	"R10679-001"	111.5		2021	0	6	0				     
6283943	2372	"R11325-001"	218.16		2020	0	7	0	448 NW JEFFERSON St		LAKE CITY	32055
6283944	2374	"R11326-000"	204.09		2020	0	7	0	396 NW JEFFERSON St		LAKE CITY	32055
6284206	2379	"R09907-006"	96.53		2022	0	7	0				     
6283952	2380	"R11335-000"	212.06		2020	0	7	0	715 NW DIXIE Ave		LAKE CITY	32055
6284207	2386	"R09919-001"	713.63		2022	0	5	0				     
6284219	2387	"R09922-000"	92.84		2022	0	0	0				     
6283959	2393	"R11365-000"	185.79		2020	0	6	0	304 NW WRIGHT Ln		LAKE CITY	32055
6284234	2399	"R09946-002"	89.4		2022	0	6	0				     
6284235	2400	"R09946-003"	89.4		2022	0	4	0				     
6284202	2400	"R09907-003"	271		2017	0	4	0				     
6284238	2401	"R09946-005"	87.04		2022	0	0	0				     
6283968	2401	"R11375-000"	195.86		2020	0	7	0	770 NW FLORIDA Ave		LAKE CITY	32055
6284239	2402	"R09946-006"	89.4		2022	0	2	0				     
6284203	2402	"R09907-006"	280.98		2017	0	7	0				     
6284240	2403	"R09947-000"	129.36		2022	0	1	0	1704 SW SCRUBTOWN Rd		FORT WHITE	32038
6283975	2403	"R11388-000"	269.93		2020	0	7	0				     
6283976	2404	"R11389-000"	206.12		2020	0	7	0				     
6284241	2404	"R09949-005"	65.71		2022	0	7	0				     
6283985	2405	"R11399-000"	165.64		2020	0	7	0				     
6283987	2407	"R11403-000"	191.63		2020	0	7	0	302 NW LONG St		LAKE CITY	32055
6284256	2426	"R09976-015"	261.24		2022	0	0	0	394 SE LITTLE JOHN Pl		HIGH SPRINGS	32643
6284204	2429	"R09907-006"	238.47		2019	0	7	0				     
6283998	2430	"R11509-000"	233.7		2020	0	7	0				     
6284237	2432	"R09946-003"	262.23		2017	0	4	0				     
6283999	2434	"R11532-002"	208		2020	0	7	0				     
6284242	2436	"R09949-005"	219.19		2017	0	7	0				     
6284010	2445	"R11592-000"	193.9		2020	0	7	0				     
6284011	2447	"R11612-000"	225.41		2020	0	7	0				     
6284018	2449	"R11619-005"	149.13		2020	0	7	0				     
6284232	2449	"R09946-002"	220.03		2019	0	6	0				     
6284026	2452	"R11627-000"	153.64		2020	0	7	0				     
6284243	2452	"R09949-005"	182.15		2019	0	7	0				     
6284347	2452	"R10013-040"	100.65		2022	0	7	0				     
6284348	2453	"R10014-001"	46.33		2022	0	6	0				     
6284027	2454	"R11637-001"	213.42		2020	0	7	0	129 NW HENSLEY Gln		LAKE CITY	32055
6284196	2462	"R09598-008"	266.68		2016	0	7	0				     
6283906	2462	"R11082-000"	139.55		2021	0	7	0				     
6284039	2467	"R11734-001"	248.87		2020	0	7	0				     
6284046	2477	"R11758-000"	204.07		2020	0	7	0				     
6284487	2482	"R10130-000"	133.92		2022	0	6	0				     
6284303	2489	"R10274-001"	58.93		2022	0	6	0				     
6284329	2494	"R10377-000"	79.29		2022	0	7	0				     
6283776	2496	"R10454-000"	69.02		2022	0	7	0				     
6283781	2497	"R10469-000"	74.02		2022	0	0	0				     
6283782	2498	"R10470-000"	86.65		2022	0	0	0				     
6284344	2498	"R10013-040"	351.48		2017	0	7	0				     
6284350	2499	"R10014-001"	210.99		2017	0	6	0				     
6284059	2501	"R11839-000"	165.08		2020	0	7	0				     
6284060	2502	"R11843-000"	208.47		2020	0	6	0				     
6284069	2503	"R11851-000"	183.53		2020	0	6	0				     
6284343	2503	"R10013-040"	277.83		2019	0	7	0				     
6284351	2504	"R10014-001"	175.32		2019	0	6	0				     
6284629	2507	"R10551-001"	123.25		2022	0	7	0				     
6284183	2508	"R10563-004"	185.75		2022	0	1	0				     
6284184	2509	"R10563-007"	114.86		2022	0	0	0				     
6284496	2525	"R10646-000"	70.6		2022	0	0	0				     
6284480	2525	"R11945-000"	178.45		2020	0	7	0				     
6284485	2528	"R11950-000"	155.2		2020	0	7	0				     
6283783	2528	"R10662-000"	133.93		2022	0	7	0				     
6283792	2529	"R10679-001"	106.58		2022	0	6	0				     
6283793	2530	"R10679-002"	103.07		2022	0	6	0				     
6283797	2532	"R10682-000"	141.94		2022	0	0	0				     
6283798	2533	"R10683-000"	149.35		2022	0	2	0	822 NE PATTERSON Ave		LAKE CITY	32055
6283799	2534	"R10686-000"	141.94		2022	0	1	0				     
6284305	2538	"R10274-001"	210.99		2017	0	6	0				     
6283800	2539	"R10720-000"	330.45		2022	1	1	0	795 NE CENTER Ave		LAKE CITY	32055
6283801	2540	"R10739-000"	152.65		2022	0	0	0	694 NE PATTERSON Ave		LAKE CITY	32055
6284304	2540	"R10274-001"	175.32		2019	0	6	0				     
6284077	2541	"R12051-000"	213.27		2020	0	7	0				     
6283802	2542	"R10746-000"	143.92		2022	0	7	0				     
6283808	2543	"R10749-000"	168.02		2022	0	7	0				     
6283809	2544	"R10752-000"	146.97		2022	0	3	0				     
6283810	2545	"R10754-000"	133.05		2022	0	7	0	689 NE PATTERSON Ave		LAKE CITY	32055
6283815	2546	"R10755-000"	156.2		2022	0	7	0	703 NE PATTERSON Ave		LAKE CITY	32055
6283816	2547	"R10757-000"	148.03		2022	0	6	0	719 NE PATTERSON Ave		LAKE CITY	32055
6284331	2547	"R10377-000"	217.11		2019	0	7	0				     
6283819	2548	"R10771-000"	565.35		2022	0	1	0	724 NE CENTER Ave		LAKE CITY	32055
6284332	2549	"R10377-000"	256.9		2017	0	7	0				     
6283779	2550	"R10454-000"	198.78		2019	0	7	0				     
6283820	2550	"R10777-001"	134.41		2022	0	0	0				     
6283821	2551	"R10780-000"	694.57		2022	0	7	0	697 NE BROADWAY Ave		LAKE CITY	32055
6283778	2551	"R10454-000"	248.68		2017	0	7	0				     
6283822	2552	"R10781-000"	125.43		2022	0	0	0				     
6283823	2553	"R10784-000"	136.21		2022	0	5	0				     
6283827	2554	"R10786-000"	697.62		2022	0	1	0	704 NE CENTER Ave		LAKE CITY	32055
6283828	2555	"R10805-001"	325.1		2022	1	1	0	681 NE FAIRVIEW St		LAKE CITY	32055
6284631	2556	"R10551-001"	192.1		2019	0	7	0				     
6283829	2557	"R10815-000"	172.21		2022	0	4	0				     
6283830	2559	"R10844-000"	647.9		2022	0	1	0	628 NE CONGRESS Ave		LAKE CITY	32055
6283831	2560	"R10844-001"	680.08		2022	0	1	0	624 NE CONGRESS Ave		LAKE CITY	32055
6283986	2560	"R11399-000"	141.43		2021	0	7	0				     
6284630	2563	"R10551-001"	224.42		2017	0	7	0				     
6283832	2567	"R10856-000"	157.61		2022	0	0	0				     
6283833	2569	"R10863-000"	816.39		2022	0	1	0	527 NE FAIRVIEW St		LAKE CITY	32055
6283834	2572	"R10869-000"	151.72		2022	0	0	0				     
6283785	2572	"R10662-000"	182.24		2019	0	7	0				     
6283837	2573	"R10870-001"	137.7		2022	0	6	0				     
6283838	2574	"R10874-000"	208.65		2022	0	0	0				     
6283787	2574	"R10662-000"	219.54		2017	0	7	0				     
6283788	2576	"R10679-001"	174.01		2017	0	6	0				     
6283789	2576	"R10679-001"	144.88		2019	0	6	0				     
6283796	2577	"R10679-002"	167.01		2017	0	6	0				     
6283795	2577	"R10679-002"	131		2019	0	6	0				     
6283839	2578	"R10883-000"	714.24		2022	0	1	0	450 NE DENVER St		LAKE CITY	32055
6283840	2579	"R10884-000"	807.65		2022	0	1	0	460 NE DENVER St		LAKE CITY	32055
6284233	2580	"R09946-002"	272.22		2016	0	6	0				     
6284236	2581	"R09946-003"	272.22		2016	0	4	0				     
6283841	2582	"R10898-000"	747.54		2022	0	3	0	722 NE AGGIE Ave		LAKE CITY	32055
6283842	2583	"R10901-000"	156.53		2022	0	1	0				     
6283843	2585	"R10905-000"	154.88		2022	0	2	0	204 NE MARTIN LUTHER KING St		LAKE CITY	32055
6284245	2585	"R09949-005"	220.92		2016	0	7	0				     
6283844	2588	"R10940-000"	173.52		2022	0	1	0	759 NE JACKSON Ave		LAKE CITY	32055
6283845	2590	"R10949-000"	138.43		2022	0	7	0	258 NE MONTANA St		LAKE CITY	32055
6283804	2590	"R10746-000"	208.5		2019	0	7	0				     
6283806	2591	"R10749-000"	241.37		2019	0	7	0				     
6283854	2592	"R10959-000"	166.98		2022	0	7	0	158 NE MONTANA St		LAKE CITY	32055
6283855	2593	"R10961-000"	152.48		2022	0	7	0				     
6283813	2593	"R10754-000"	205.62		2019	0	7	0	689 NE PATTERSON Ave		LAKE CITY	32055
6283860	2595	"R10965-000"	130.56		2022	0	1	0				     
6283803	2596	"R10746-000"	255.4		2017	0	7	0				     
6283861	2597	"R10976-000"	168.11		2022	0	2	0				     
6283862	2598	"R10979-001"	133.33		2022	0	0	0				     
6283863	2599	"R10986-000"	132.79		2022	0	7	0				     
6283868	2600	"R10988-000"	692.98		2022	0	7	0	231 NE MONTANA St		LAKE CITY	32055
6283812	2600	"R10754-000"	241.01		2017	0	7	0	689 NE PATTERSON Ave		LAKE CITY	32055
6283826	2601	"R10784-000"	195.17		2019	0	5	0				     
6283869	2601	"R10989-000"	165.18		2022	0	5	0	802 NE AGGIE Ave		LAKE CITY	32055
6283817	2602	"R10757-000"	269.58		2017	0	6	0	719 NE PATTERSON Ave		LAKE CITY	32055
6283870	2603	"R10993-000"	177.2		2022	0	7	0	783 NE AGGIE Ave		LAKE CITY	32055
6283872	2606	"R11013-001"	201.48		2022	0	4	0				     
6283873	2608	"R11017-000"	200.05		2022	0	7	0				     
6284570	2608	"R12841-009"	179.15		2020	0	6	0				     
6283876	2609	"R11018-000"	163.66		2022	0	3	0				     
6284019	2609	"R11619-005"	146.48		2021	0	7	0				     
6283877	2611	"R11018-002"	165.3		2022	0	1	0				     
6283878	2612	"R11022-000"	182.16		2022	0	7	0	789 NE COLORADO Ter		LAKE CITY	32055
6283825	2612	"R10784-000"	236.65		2017	0	5	0				     
6283835	2613	"R10870-001"	196.38		2019	0	6	0				     
6283879	2616	"R11037-000"	151.51		2022	0	1	0				     
6283880	2618	"R11055-001"	341.84		2022	0	0	0	943 NE CATAWBA Ave		LAKE CITY	32055
6283881	2619	"R11057-000"	124.13		2022	0	7	0				     
6283890	2621	"R11058-001"	125.53		2022	0	7	0	968 NE CATAWBA Ave		LAKE CITY	32055
6283891	2622	"R11058-002"	145.13		2022	0	7	0	184 NE COACH ANDERS Ln		LAKE CITY	32055
6283895	2624	"R11071-000"	217.61		2022	0	1	0				     
6283896	2625	"R11072-000"	190.22		2022	0	7	0				     
6283899	2627	"R11075-002"	187.52		2022	0	1	0	360 NE BASCOM NORRIS Dr		LAKE CITY	32055
6283900	2629	"R11080-000"	138.45		2022	0	7	0				     
6283909	2630	"R11082-000"	123.48		2022	0	7	0				     
6283910	2631	"R11083-000"	163.13		2022	0	7	0	538 NE BASCOM NORRIS Dr		LAKE CITY	32055
6283914	2632	"R11088-001"	152.3		2022	0	1	0				     
6283849	2632	"R10949-000"	195.85		2019	0	7	0	258 NE MONTANA St		LAKE CITY	32055
6283850	2635	"R10959-000"	237.89		2019	0	7	0	158 NE MONTANA St		LAKE CITY	32055
6283859	2636	"R10961-000"	220.23		2019	0	7	0				     
6283915	2637	"R11113-000"	182.87		2022	0	0	0	445 NE LUROSE St		LAKE CITY	32055
6284105	2639	"R13115-000"	154.17		2020	0	7	0	326 NE PATTERSON Ave		LAKE CITY	32055
6283916	2640	"R11118-001"	679.03		2022	0	5	0	913 NE JOE CONEY Ter		LAKE CITY	32055
6284115	2642	"R13118-002"	131.8		2020	0	6	0				     
6283917	2643	"R11142-000"	225.89		2022	0	3	0	500 NE FRONIE St		LAKE CITY	32055
6283918	2644	"R11145-001"	187.5		2022	0	7	0				     
6283866	2644	"R10986-000"	191.96		2019	0	7	0				     
6283921	2645	"R11154-000"	325.1		2022	1	1	0	871 NE CONGRESS Ave		LAKE CITY	32055
6283922	2646	"R11154-002"	416.42		2022	0	5	0	496 NE LUROSE St		LAKE CITY	32055
6283846	2646	"R10949-000"	236.13		2017	0	7	0	258 NE MONTANA St		LAKE CITY	32055
6283853	2649	"R10959-000"	292.41		2017	0	7	0	158 NE MONTANA St		LAKE CITY	32055
6283871	2649	"R10993-000"	263.56		2019	0	7	0	783 NE AGGIE Ave		LAKE CITY	32055
6284472	2649	"R11174-004"	815.7		2022	0	1	0	988 NE BASCOM NORRIS Dr		LAKE CITY	32055
6283856	2651	"R10961-000"	283.33		2017	0	7	0				     
6283923	2651	"R11194-000"	325.1		2022	1	1	0	955 NE FAMU Ln		LAKE CITY	32055
6283924	2652	"R11195-000"	255.96		2022	0	3	0				     
6283925	2653	"R11199-000"	377.66		2022	0	0	0	1116 NE BASCOM NORRIS Dr		LAKE CITY	32055
6283926	2654	"R11201-000"	187.92		2022	0	1	0				     
6283874	2654	"R11017-000"	305.71		2019	0	7	0				     
6284346	2654	"R10013-040"	366.44		2016	0	7	0				     
6283927	2656	"R11208-000"	149.5		2022	0	1	0				     
6283865	2659	"R10986-000"	231.77		2017	0	7	0				     
6283928	2664	"R11224-000"	227.1		2022	0	6	0				     
6283930	2665	"R11249-000"	201.86		2022	0	0	0				     
6283931	2667	"R11255-000"	768.46		2022	0	7	0	488 NW WILSON St		LAKE CITY	32055
6283885	2667	"R11057-000"	180.2		2019	0	7	0				     
6283886	2669	"R11058-001"	205.56		2019	0	7	0	968 NE CATAWBA Ave		LAKE CITY	32055
6283894	2670	"R11058-002"	209.63		2019	0	7	0	184 NE COACH ANDERS Ln		LAKE CITY	32055
6283932	2670	"R11257-002"	480.54		2022	0	7	0	640 NW FLORIDA Ave		LAKE CITY	32055
6283933	2671	"R11262-000"	258.96		2022	0	6	0	374 NW WILSON St		LAKE CITY	32055
6283934	2672	"R11264-000"	155.62		2022	0	1	0				     
6283935	2673	"R11265-000"	169.83		2022	0	3	0				     
6283897	2673	"R11072-000"	278.01		2019	0	7	0				     
6283904	2676	"R11080-000"	192.1		2019	0	7	0				     
6283936	2677	"R11273-000"	288.39		2022	0	1	0	261 NW WILSON St		LAKE CITY	32055
6283937	2678	"R11273-001"	74.03		2022	0	0	0				     
6283882	2686	"R11057-000"	219.46		2017	0	7	0				     
6283889	2688	"R11058-001"	250.62		2017	0	7	0	968 NE CATAWBA Ave		LAKE CITY	32055
6283938	2688	"R11324-999"	161.2		2022	0	0	0	436 NW JEFFERSON St		LAKE CITY	32055
6283939	2689	"R11325-001"	177.48		2022	0	7	0	448 NW JEFFERSON St		LAKE CITY	32055
6283892	2689	"R11058-002"	255.46		2017	0	7	0	184 NE COACH ANDERS Ln		LAKE CITY	32055
6283946	2691	"R11326-000"	166.73		2022	0	7	0	396 NW JEFFERSON St		LAKE CITY	32055
6283947	2692	"R11332-000"	697		2022	0	3	0	714 NW ALMA Ave		LAKE CITY	32055
6283902	2693	"R11080-000"	232.2		2017	0	7	0				     
6283948	2693	"R11335-000"	162.4		2022	0	7	0	715 NW DIXIE Ave		LAKE CITY	32055
6283907	2694	"R11082-000"	203.19		2017	0	7	0				     
6283953	2694	"R11336-000"	143.56		2022	0	0	0				     
6283912	2695	"R11083-000"	283.88		2017	0	7	0	538 NE BASCOM NORRIS Dr		LAKE CITY	32055
6284123	2695	"R13538-000"	138.94		2020	0	5	0				     
6283954	2696	"R11339-000"	375.99		2022	0	0	0	317 NW INDIANA Ln		LAKE CITY	32055
6283920	2697	"R11145-001"	274.5		2019	0	7	0				     
6283955	2705	"R11351-000"	134.65		2022	0	0	0				     
6283956	2709	"R11364-000"	784.02		2022	0	1	0	296 NW WRIGHT Ln		LAKE CITY	32055
6283957	2710	"R11365-000"	135.98		2022	0	6	0	304 NW WRIGHT Ln		LAKE CITY	32055
6283961	2711	"R11367-000"	178.2		2022	0	1	0				     
6284333	2711	"R10377-000"	262.38		2016	0	7	0				     
6283962	2712	"R11368-000"	178.2		2022	0	1	0				     
6283963	2713	"R11369-000"	161.89		2022	0	3	0				     
6283777	2715	"R10454-000"	254.87		2016	0	7	0				     
6283964	2719	"R11375-000"	163.52		2022	0	7	0	770 NW FLORIDA Ave		LAKE CITY	32055
6283970	2720	"R11384-000"	206.41		2022	0	7	0				     
6283971	2721	"R11388-000"	205.17		2022	0	7	0				     
6283980	2722	"R11389-000"	164.14		2022	0	7	0				     
6283981	2723	"R11399-000"	132.49		2022	0	7	0				     
6283929	2723	"R11224-000"	361.42		2019	0	6	0				     
6283991	2725	"R11403-000"	151.98		2022	0	7	0	302 NW LONG St		LAKE CITY	32055
6283992	2732	"R11440-001"	138.47		2022	0	0	0				     
6283993	2734	"R11447-000"	166.81		2022	0	1	0	860 NW REDDING Ave		LAKE CITY	32055
6283994	2738	"R11482-000"	191.78		2022	0	0	0				     
6283995	2743	"R11508-000"	265.37		2022	0	7	0	861 NW GEORGIA Ave		LAKE CITY	32055
6283942	2744	"R11325-001"	252.96		2019	0	7	0	448 NW JEFFERSON St		LAKE CITY	32055
6283996	2744	"R11509-000"	194.65		2022	0	7	0				     
6283945	2746	"R11326-000"	236.1		2019	0	7	0	396 NW JEFFERSON St		LAKE CITY	32055
6283786	2747	"R10662-000"	228.19		2016	0	7	0				     
6283951	2751	"R11335-000"	241.74		2019	0	7	0	715 NW DIXIE Ave		LAKE CITY	32055
6284003	2754	"R11532-002"	172.18		2022	0	7	0				     
6284132	2754	"R14345-001"	196.14		2020	0	7	0				     
6284135	2755	"R14362-000"	142.62		2020	0	7	0				     
6284004	2756	"R11534-000"	114.3		2022	0	1	0				     
6283940	2757	"R11325-001"	326.2		2017	0	7	0	448 NW JEFFERSON St		LAKE CITY	32055
6284144	2760	"R14429-000"	185.56		2020	0	7	0				     
6284005	2762	"R11559-000"	198.15		2022	0	7	0	928 NW TEXAS Ave		LAKE CITY	32055
6283960	2763	"R11365-000"	210.58		2019	0	6	0	304 NW WRIGHT Ln		LAKE CITY	32055
6283950	2766	"R11335-000"	286.65		2017	0	7	0	715 NW DIXIE Ave		LAKE CITY	32055
6284006	2766	"R11590-000"	183.94		2022	0	0	0				     
6284007	2767	"R11592-000"	170.16		2022	0	7	0				     
6284149	2767	"R14468-000"	283.82		2020	0	6	0				     
6283807	2769	"R10749-000"	320.1		2016	0	7	0				     
6284013	2770	"R11612-000"	188.99		2022	0	7	0				     
6283967	2771	"R11375-000"	237.74		2019	0	7	0	770 NW FLORIDA Ave		LAKE CITY	32055
6284014	2771	"R11619-000"	187.52		2022	0	1	0				     
6283811	2771	"R10754-000"	262.55		2016	0	7	0	689 NE PATTERSON Ave		LAKE CITY	32055
6284015	2772	"R11619-005"	130.63		2022	0	7	0				     
6283969	2772	"R11384-000"	305.35		2019	0	7	0				     
6283818	2773	"R10757-000"	283.82		2016	0	6	0	719 NE PATTERSON Ave		LAKE CITY	32055
6284021	2773	"R11623-000"	152.3		2022	0	1	0				     
6283974	2774	"R11388-000"	313.97		2019	0	7	0				     
6283977	2775	"R11389-000"	245.72		2019	0	7	0				     
6284022	2775	"R11627-000"	122.66		2022	0	7	0				     
6284030	2776	"R11637-001"	105.27		2022	0	7	0	129 NW HENSLEY Gln		LAKE CITY	32055
6283984	2778	"R11399-000"	186.28		2019	0	7	0				     
6283958	2778	"R11365-000"	254.48		2017	0	6	0	304 NW WRIGHT Ln		LAKE CITY	32055
6284501	2780	"R11660-001"	570.43		2022	0	3	0				     
6284031	2781	"R11674-007"	184.59		2022	0	2	0				     
6283988	2781	"R11403-000"	217.5		2019	0	7	0	302 NW LONG St		LAKE CITY	32055
6283824	2782	"R10784-000"	250.97		2016	0	5	0				     
6284032	2784	"R11688-001"	178.77		2022	0	1	0				     
6284033	2787	"R11695-110"	161.62		2022	0	0	0	916 NW EARLY St		LAKE CITY	32055
6283965	2787	"R11375-000"	278.65		2017	0	7	0	770 NW FLORIDA Ave		LAKE CITY	32055
6283973	2791	"R11388-000"	387.52		2017	0	7	0				     
6284034	2791	"R11731-000"	171.09		2022	0	4	0	542 NE BROADWAY Ave		LAKE CITY	32055
6283978	2792	"R11389-000"	286.22		2017	0	7	0				     
6284035	2793	"R11734-000"	214.39		2022	0	7	0	548 NE FAIRVIEW St		LAKE CITY	32055
6284036	2794	"R11734-001"	193.06		2022	0	7	0				     
6284040	2795	"R11737-000"	214.35		2022	0	1	0				     
6283983	2795	"R11399-000"	224.36		2017	0	7	0				     
6283989	2797	"R11403-000"	263.03		2017	0	7	0	302 NW LONG St		LAKE CITY	32055
6284041	2800	"R11751-000"	242.15		2022	1	0	0	458 NE FAIRVIEW St		LAKE CITY	32055
6284042	2801	"R11754-000"	141.29		2022	0	0	0				     
6284043	2803	"R11758-000"	164.99		2022	0	7	0				     
6284048	2807	"R11767-000"	832.45		2022	0	7	0	453 NE WASHINGTON St		LAKE CITY	32055
6284049	2813	"R11774-000"	168.06		2022	0	7	0	560 NE WASHINGTON St		LAKE CITY	32055
6283847	2817	"R10949-000"	246.31		2016	0	7	0	258 NE MONTANA St		LAKE CITY	32055
6284053	2818	"R11818-001"	285.4		2022	0	1	0	635 NE LEON St		LAKE CITY	32055
6284116	2819	"R13118-002"	128.59		2021	0	6	0				     
6284000	2819	"R11532-002"	234.97		2019	0	7	0				     
6283852	2821	"R10959-000"	317.04		2016	0	7	0	158 NE MONTANA St		LAKE CITY	32055
6283857	2822	"R10961-000"	305.1		2016	0	7	0				     
6284054	2822	"R11829-000"	269.2		2022	0	1	0	472 NE SIMMS Dr		LAKE CITY	32055
6284055	2823	"R11839-000"	142.36		2022	0	7	0				     
6284064	2824	"R11843-000"	169.59		2022	0	6	0				     
6284065	2825	"R11851-000"	142.08		2022	0	6	0				     
6283997	2826	"R11509-000"	333.23		2017	0	7	0				     
6284070	2830	"R11870-000"	165.46		2022	0	2	0				     
6284071	2831	"R11876-000"	233.83		2022	0	2	0				     
6283864	2832	"R10986-000"	241.66		2016	0	7	0				     
6284009	2833	"R11592-000"	218.53		2019	0	7	0				     
6284001	2835	"R11532-002"	308.77		2017	0	7	0				     
6284473	2837	"R11906-000"	171.9		2022	0	0	0				     
6284474	2838	"R11910-000"	168.53		2022	0	0	0				     
6284020	2838	"R11619-005"	167.08		2019	0	7	0				     
6284475	2840	"R11929-000"	222.91		2022	0	0	0	905 NE ANNIE MATTOX St		LAKE CITY	32055
6284025	2840	"R11627-000"	173.22		2019	0	7	0				     
6284476	2846	"R11941-000"	134.88		2022	0	0	0				     
6284481	2849	"R11949-000"	177.34		2022	0	1	0	170 NE VOSS Rd		LAKE CITY	32055
6284482	2850	"R11950-000"	129.03		2022	0	7	0				     
6284072	2851	"R11961-000"	263.75		2022	0	0	0	446 NW ALACHUA Ave		LAKE CITY	32055
6284073	2852	"R11968-000"	921.69		2022	0	7	0	554 NW COLUMBIA Ave		LAKE CITY	32055
6284017	2854	"R11619-005"	200.92		2017	0	7	0				     
6283883	2856	"R11057-000"	231.17		2016	0	7	0				     
6284023	2856	"R11627-000"	208.95		2017	0	7	0				     
6283888	2858	"R11058-001"	258.31		2016	0	7	0	968 NE CATAWBA Ave		LAKE CITY	32055
6283893	2859	"R11058-002"	267.05		2016	0	7	0	184 NE COACH ANDERS Ln		LAKE CITY	32055
6284029	2859	"R11637-001"	304.65		2017	0	7	0	129 NW HENSLEY Gln		LAKE CITY	32055
6284074	2863	"R12049-000"	187.22		2022	0	3	0				     
6284075	2864	"R12051-000"	176.83		2022	0	7	0				     
6284080	2865	"R12055-000"	157.78		2022	0	4	0				     
6283901	2866	"R11080-000"	242.22		2016	0	7	0				     
6283908	2867	"R11082-000"	210.3		2016	0	7	0				     
6283911	2868	"R11083-000"	305.44		2016	0	7	0	538 NE BASCOM NORRIS Dr		LAKE CITY	32055
6284081	2871	"R12093-000"	187.46		2022	0	2	0				     
6284082	2872	"R12094-000"	182.1		2022	0	1	0	323 NE WASHINGTON St		LAKE CITY	32055
6284047	2875	"R11758-000"	232.26		2019	0	7	0				     
6284083	2877	"R12132-000"	214.71		2022	0	4	0	404 NE WASHINGTON St		LAKE CITY	32055
6284084	2880	"R12154-000"	194.43		2022	0	0	0	496 NW HENDRICK Way		LAKE CITY	32055
6284085	2881	"R12155-000"	180.74		2022	0	5	0				     
6284086	2882	"R12158-000"	148.36		2022	0	5	0				     
6284037	2882	"R11734-001"	357.97		2017	0	7	0				     
6284087	2883	"R12163-001"	185.39		2022	0	7	0	509 NW DIXIE Ave		LAKE CITY	32055
6284089	2885	"R12186-002"	336.34		2022	0	1	0				     
6284052	2887	"R11774-000"	243.78		2019	0	7	0	560 NE WASHINGTON St		LAKE CITY	32055
6284090	2887	"R12201-000"	220.39		2022	0	1	0	382 NW GARNET Gln		LAKE CITY	32055
6284045	2888	"R11758-000"	265.25		2017	0	7	0				     
6284091	2889	"R12239-001"	195.62		2022	0	1	0				     
6284050	2898	"R11774-000"	313.23		2017	0	7	0	560 NE WASHINGTON St		LAKE CITY	32055
6284058	2900	"R11839-000"	186.01		2019	0	7	0				     
6284061	2901	"R11843-000"	260.41		2019	0	6	0				     
6284068	2902	"R11851-000"	207.51		2019	0	6	0				     
6284092	2910	"R12443-000"	147.18		2022	0	1	0				     
6284093	2911	"R12468-001"	119.26		2022	0	0	0				     
6284057	2913	"R11839-000"	224.23		2017	0	7	0				     
6284062	2914	"R11843-000"	315.65		2017	0	6	0				     
6284067	2919	"R11851-000"	250.5		2017	0	6	0				     
6284479	2928	"R11945-000"	201.49		2019	0	7	0				     
6283941	2930	"R11325-001"	353.15		2016	0	7	0	448 NW JEFFERSON St		LAKE CITY	32055
6284486	2931	"R11950-000"	174.26		2019	0	7	0				     
6284565	2933	"R12824-000"	231.02		2022	0	2	0				     
6284566	2934	"R12826-000"	200.57		2022	0	6	0				     
6284567	2936	"R12841-009"	161.19		2022	0	6	0				     
6283949	2939	"R11335-000"	308.67		2016	0	7	0	715 NW DIXIE Ave		LAKE CITY	32055
6284136	2944	"R14362-000"	131.83		2021	0	7	0				     
6284478	2945	"R11945-000"	243.06		2017	0	7	0				     
6284483	2948	"R11950-000"	209.78		2017	0	7	0				     
6284078	2950	"R12051-000"	254.62		2019	0	7	0				     
6283966	2958	"R11375-000"	311.39		2016	0	7	0	770 NW FLORIDA Ave		LAKE CITY	32055
6283972	2962	"R11388-000"	430.01		2016	0	7	0				     
6283979	2963	"R11389-000"	320.72		2016	0	7	0				     
6284094	2963	"R12995-001"	157.86		2022	0	2	0				     
6284079	2964	"R12051-000"	312.52		2017	0	7	0				     
6283982	2967	"R11399-000"	233.33		2016	0	7	0				     
6283990	2969	"R11403-000"	275.9		2016	0	7	0	302 NW LONG St		LAKE CITY	32055
6284095	2973	"R13101-001"	146.04		2022	0	1	0	846 NE AUSGOOD Gln		LAKE CITY	32055
6284096	2974	"R13104-000"	156.84		2022	0	7	0	832 NE AUSGOOD Gln		LAKE CITY	32055
6284100	2978	"R13107-008"	113.28		2022	0	1	0				     
6284088	2979	"R12163-001"	319.95		2017	0	7	0	509 NW DIXIE Ave		LAKE CITY	32055
6284101	2980	"R13115-000"	125.63		2022	0	7	0	326 NE PATTERSON Ave		LAKE CITY	32055
6284108	2982	"R13117-000"	158.94		2022	0	7	0	368 NE SIMMS Dr		LAKE CITY	32055
6284109	2983	"R13118-001"	168.13		2022	0	7	0				     
6284117	2984	"R13118-002"	114.19		2022	0	6	0				     
6284118	2994	"R13185-000"	172.52		2022	0	0	0	125 NE GORDON Way		LAKE CITY	32055
6284569	3009	"R12841-009"	203.47		2019	0	6	0				     
6284002	3012	"R11532-002"	319.66		2016	0	7	0				     
6284119	3020	"R13434-001"	220.67		2022	0	3	0				     
6284568	3025	"R12841-009"	246.2		2017	0	6	0				     
6284008	3029	"R11592-000"	283.36		2016	0	7	0				     
6284012	3031	"R11612-000"	357.02		2016	0	7	0				     
6284120	3032	"R13496-000"	161.73		2022	0	1	0				     
6284016	3033	"R11619-005"	207.76		2016	0	7	0				     
6284024	3036	"R11627-000"	216.72		2016	0	7	0				     
6284121	3036	"R13538-000"	119.51		2022	0	5	0				     
6284028	3040	"R11637-001"	331.21		2016	0	7	0	129 NW HENSLEY Gln		LAKE CITY	32055
6284099	3044	"R13104-000"	238.73		2019	0	7	0	832 NE AUSGOOD Gln		LAKE CITY	32055
6284103	3050	"R13115-000"	173.57		2019	0	7	0	326 NE PATTERSON Ave		LAKE CITY	32055
6284106	3052	"R13117-000"	221.03		2019	0	7	0	368 NE SIMMS Dr		LAKE CITY	32055
6284111	3053	"R13118-001"	233.95		2019	0	7	0				     
6284114	3054	"R13118-002"	147.32		2019	0	6	0				     
6284098	3055	"R13104-000"	288.95		2017	0	7	0	832 NE AUSGOOD Gln		LAKE CITY	32055
6284038	3060	"R11734-001"	399.19		2016	0	7	0				     
6284104	3062	"R13115-000"	208.09		2017	0	7	0	326 NE PATTERSON Ave		LAKE CITY	32055
6284112	3064	"R13118-001"	283.08		2017	0	7	0				     
6284113	3065	"R13118-002"	177.03		2017	0	6	0				     
6284044	3069	"R11758-000"	295.88		2016	0	7	0				     
6284125	3072	"R14125-001"	156.56		2022	0	2	0				     
6284519	3074	"R14135-001"	123.27		2022	0	3	0				     
6284520	3075	"R14139-000"	188.54		2022	0	7	0				     
6284523	3076	"R14147-000"	188.74		2022	0	0	0				     
6284126	3078	"R14175-002"	205.92		2022	0	0	0				     
6284051	3079	"R11774-000"	331.67		2016	0	7	0	560 NE WASHINGTON St		LAKE CITY	32055
6284127	3081	"R14186-000"	205.92		2022	0	0	0				     
6284128	3086	"R14212-000"	115.25		2022	0	0	0				     
6284129	3091	"R14345-001"	85.84		2022	0	7	0				     
6284139	3093	"R14362-000"	43.26		2022	0	7	0				     
6284056	3095	"R11839-000"	233.33		2016	0	7	0				     
6284063	3096	"R11843-000"	333.55		2016	0	6	0				     
6284140	3097	"R14389-000"	137.22		2022	0	3	0	157 SW ROOSTER Ln		FORT WHITE	32038
6284141	3099	"R14429-000"	79.71		2022	0	7	0				     
6284066	3101	"R11851-000"	262.07		2016	0	6	0				     
6284146	3102	"R14460-003"	166.81		2022	0	6	0				     
6284124	3103	"R13538-000"	154.6		2019	0	5	0				     
6284147	3105	"R14468-000"	183.52		2022	0	6	0				     
6284150	3107	"R14487-000"	961.28		2022	0	2	0	344 SW DURANT St		FORT WHITE	32038
6284477	3127	"R11945-000"	253.9		2016	0	7	0				     
6284484	3129	"R11950-000"	217.46		2016	0	7	0				     
6284076	3149	"R12051-000"	330.75		2016	0	7	0				     
6284522	3151	"R14139-000"	263.81		2019	0	7	0				     
6284521	3153	"R14139-000"	325.07		2017	0	7	0				     
6284131	3167	"R14345-001"	268.57		2017	0	7	0				     
6284137	3169	"R14362-000"	206.39		2017	0	7	0				     
6284133	3175	"R14345-001"	222.26		2019	0	7	0				     
6284134	3176	"R14362-000"	159.05		2019	0	7	0				     
6284143	3176	"R14429-000"	253.64		2017	0	7	0				     
6284145	3183	"R14429-000"	209.98		2019	0	7	0				     
6284148	3188	"R14468-000"	352.08		2019	0	6	0				     
6284097	3241	"R13104-000"	304.25		2016	0	7	0	832 NE AUSGOOD Gln		LAKE CITY	32055
6284102	3247	"R13115-000"	217.72		2016	0	7	0	326 NE PATTERSON Ave		LAKE CITY	32055
6284107	3248	"R13117-000"	299.6		2016	0	7	0	368 NE SIMMS Dr		LAKE CITY	32055
6284110	3249	"R13118-001"	297.81		2016	0	7	0				     
6284122	3305	"R13538-000"	190.54		2016	0	5	0				     
6284130	3376	"R14345-001"	275.11		2016	0	7	0				     
6284138	3378	"R14362-000"	206.82		2016	0	7	0				     
6284142	3387	"R14429-000"	258.79		2016	0	7	0				     
